0 0
1 3
2 3
3 5
4 4
5 4
6 3
7 5
8 5
9 4
10 3
11 6
12 6
13 8
14 8
15 7
16 7
17 9
18 8
19 8
20 6
21 9
22 9
23 11
24 10
25 10
26 9
27 11
28 11
29 10
30 6
31 9
32 9
33 11
34 10
35 10
36 9
37 11
38 11
39 10
40 5
41 8
42 8
43 10
44 9
45 9
46 8
47 10
48 10
49 9
50 5
51 8
52 8
53 10
54 9
55 9
56 8
57 10
58 10
59 9
60 5
61 8
62 8
63 10
64 9
65 9
66 8
67 10
68 10
69 9
70 7
71 10
72 10
73 12
74 11
75 11
76 10
77 12
78 12
79 11
80 6
81 9
82 9
83 11
84 10
85 10
86 9
87 11
88 11
89 10
90 6
91 9
92 9
93 11
94 10
95 10
96 9
97 11
98 11
99 10
100 10
101 13
102 13
103 15
104 14
105 14
106 13
107 15
108 15
109 14
110 13
111 16
112 16
113 18
114 18
115 17
116 17
117 19
118 18
119 18
120 16
121 19
122 19
123 21
124 20
125 20
126 19
127 21
128 21
129 20
130 16
131 19
132 19
133 21
134 20
135 20
136 19
137 21
138 21
139 20
140 15
141 18
142 18
143 20
144 19
145 19
146 18
147 20
148 20
149 19
150 15
151 18
152 18
153 20
154 19
155 19
156 18
157 20
158 20
159 19
160 15
161 18
162 18
163 20
164 19
165 19
166 18
167 20
168 20
169 19
170 17
171 20
172 20
173 22
174 21
175 21
176 20
177 22
178 22
179 21
180 16
181 19
182 19
183 21
184 20
185 20
186 19
187 21
188 21
189 20
190 16
191 19
192 19
193 21
194 20
195 20
196 19
197 21
198 21
199 20
200 10
201 13
202 13
203 15
204 14
205 14
206 13
207 15
208 15
209 14
210 13
211 16
212 16
213 18
214 18
215 17
216 17
217 19
218 18
219 18
220 16
221 19
222 19
223 21
224 20
225 20
226 19
227 21
228 21
229 20
230 16
231 19
232 19
233 21
234 20
235 20
236 19
237 21
238 21
239 20
240 15
241 18
242 18
243 20
244 19
245 19
246 18
247 20
248 20
249 19
250 15
251 18
252 18
253 20
254 19
255 19
256 18
257 20
258 20
259 19
260 15
261 18
262 18
263 20
264 19
265 19
266 18
267 20
268 20
269 19
270 17
271 20
272 20
273 22
274 21
275 21
276 20
277 22
278 22
279 21
280 16
281 19
282 19
283 21
284 20
285 20
286 19
287 21
288 21
289 20
290 16
291 19
292 19
293 21
294 20
295 20
296 19
297 21
298 21
299 20
300 12
301 15
302 15
303 17
304 16
305 16
306 15
307 17
308 17
309 16
310 15
311 18
312 18
313 20
314 20
315 19
316 19
317 21
318 20
319 20
320 18
321 21
322 21
323 23
324 22
325 22
326 21
327 23
328 23
329 22
330 18
331 21
332 21
333 23
334 22
335 22
336 21
337 23
338 23
339 22
340 17
341 20
342 20
343 22
344 21
345 21
346 20
347 22
348 22
349 21
350 17
351 20
352 20
353 22
354 21
355 21
356 20
357 22
358 22
359 21
360 17
361 20
362 20
363 22
364 21
365 21
366 20
367 22
368 22
369 21
370 19
371 22
372 22
373 24
374 23
375 23
376 22
377 24
378 24
379 23
380 18
381 21
382 21
383 23
384 22
385 22
386 21
387 23
388 23
389 22
390 18
391 21
392 21
393 23
394 22
395 22
396 21
397 23
398 23
399 22
400 11
401 14
402 14
403 16
404 15
405 15
406 14
407 16
408 16
409 15
410 14
411 17
412 17
413 19
414 19
415 18
416 18
417 20
418 19
419 19
420 17
421 20
422 20
423 22
424 21
425 21
426 20
427 22
428 22
429 21
430 17
431 20
432 20
433 22
434 21
435 21
436 20
437 22
438 22
439 21
440 16
441 19
442 19
443 21
444 20
445 20
446 19
447 21
448 21
449 20
450 16
451 19
452 19
453 21
454 20
455 20
456 19
457 21
458 21
459 20
460 16
461 19
462 19
463 21
464 20
465 20
466 19
467 21
468 21
469 20
470 18
471 21
472 21
473 23
474 22
475 22
476 21
477 23
478 23
479 22
480 17
481 20
482 20
483 22
484 21
485 21
486 20
487 22
488 22
489 21
490 17
491 20
492 20
493 22
494 21
495 21
496 20
497 22
498 22
499 21
500 11
501 14
502 14
503 16
504 15
505 15
506 14
507 16
508 16
509 15
510 14
511 17
512 17
513 19
514 19
515 18
516 18
517 20
518 19
519 19
520 17
521 20
522 20
523 22
524 21
525 21
526 20
527 22
528 22
529 21
530 17
531 20
532 20
533 22
534 21
535 21
536 20
537 22
538 22
539 21
540 16
541 19
542 19
543 21
544 20
545 20
546 19
547 21
548 21
549 20
550 16
551 19
552 19
553 21
554 20
555 20
556 19
557 21
558 21
559 20
560 16
561 19
562 19
563 21
564 20
565 20
566 19
567 21
568 21
569 20
570 18
571 21
572 21
573 23
574 22
575 22
576 21
577 23
578 23
579 22
580 17
581 20
582 20
583 22
584 21
585 21
586 20
587 22
588 22
589 21
590 17
591 20
592 20
593 22
594 21
595 21
596 20
597 22
598 22
599 21
600 10
601 13
602 13
603 15
604 14
605 14
606 13
607 15
608 15
609 14
610 13
611 16
612 16
613 18
614 18
615 17
616 17
617 19
618 18
619 18
620 16
621 19
622 19
623 21
624 20
625 20
626 19
627 21
628 21
629 20
630 16
631 19
632 19
633 21
634 20
635 20
636 19
637 21
638 21
639 20
640 15
641 18
642 18
643 20
644 19
645 19
646 18
647 20
648 20
649 19
650 15
651 18
652 18
653 20
654 19
655 19
656 18
657 20
658 20
659 19
660 15
661 18
662 18
663 20
664 19
665 19
666 18
667 20
668 20
669 19
670 17
671 20
672 20
673 22
674 21
675 21
676 20
677 22
678 22
679 21
680 16
681 19
682 19
683 21
684 20
685 20
686 19
687 21
688 21
689 20
690 16
691 19
692 19
693 21
694 20
695 20
696 19
697 21
698 21
699 20
700 12
701 15
702 15
703 17
704 16
705 16
706 15
707 17
708 17
709 16
710 15
711 18
712 18
713 20
714 20
715 19
716 19
717 21
718 20
719 20
720 18
721 21
722 21
723 23
724 22
725 22
726 21
727 23
728 23
729 22
730 18
731 21
732 21
733 23
734 22
735 22
736 21
737 23
738 23
739 22
740 17
741 20
742 20
743 22
744 21
745 21
746 20
747 22
748 22
749 21
750 17
751 20
752 20
753 22
754 21
755 21
756 20
757 22
758 22
759 21
760 17
761 20
762 20
763 22
764 21
765 21
766 20
767 22
768 22
769 21
770 19
771 22
772 22
773 24
774 23
775 23
776 22
777 24
778 24
779 23
780 18
781 21
782 21
783 23
784 22
785 22
786 21
787 23
788 23
789 22
790 18
791 21
792 21
793 23
794 22
795 22
796 21
797 23
798 23
799 22
800 12
801 15
802 15
803 17
804 16
805 16
806 15
807 17
808 17
809 16
810 15
811 18
812 18
813 20
814 20
815 19
816 19
817 21
818 20
819 20
820 18
821 21
822 21
823 23
824 22
825 22
826 21
827 23
828 23
829 22
830 18
831 21
832 21
833 23
834 22
835 22
836 21
837 23
838 23
839 22
840 17
841 20
842 20
843 22
844 21
845 21
846 20
847 22
848 22
849 21
850 17
851 20
852 20
853 22
854 21
855 21
856 20
857 22
858 22
859 21
860 17
861 20
862 20
863 22
864 21
865 21
866 20
867 22
868 22
869 21
870 19
871 22
872 22
873 24
874 23
875 23
876 22
877 24
878 24
879 23
880 18
881 21
882 21
883 23
884 22
885 22
886 21
887 23
888 23
889 22
890 18
891 21
892 21
893 23
894 22
895 22
896 21
897 23
898 23
899 22
900 11
901 14
902 14
903 16
904 15
905 15
906 14
907 16
908 16
909 15
910 14
911 17
912 17
913 19
914 19
915 18
916 18
917 20
918 19
919 19
920 17
921 20
922 20
923 22
924 21
925 21
926 20
927 22
928 22
929 21
930 17
931 20
932 20
933 22
934 21
935 21
936 20
937 22
938 22
939 21
940 16
941 19
942 19
943 21
944 20
945 20
946 19
947 21
948 21
949 20
950 16
951 19
952 19
953 21
954 20
955 20
956 19
957 21
958 21
959 20
960 16
961 19
962 19
963 21
964 20
965 20
966 19
967 21
968 21
969 20
970 18
971 21
972 21
973 23
974 22
975 22
976 21
977 23
978 23
979 22
980 17
981 20
982 20
983 22
984 21
985 21
986 20
987 22
988 22
989 21
990 17
991 20
992 20
993 22
994 21
995 21
996 20
997 22
998 22
999 21
1000 11
1001 14
1002 14
1003 16
1004 15
1005 15
1006 14
1007 16
1008 16
1009 15
1010 14
1011 17
1012 17
1013 19
1014 19
1015 18
1016 18
1017 20
1018 19
1019 19
1020 17
1021 20
1022 20
1023 22
1024 21
1025 21
1026 20
1027 22
1028 22
1029 21
1030 17
1031 20
1032 20
1033 22
1034 21
1035 21
1036 20
1037 22
1038 22
1039 21
1040 16
1041 19
1042 19
1043 21
1044 20
1045 20
1046 19
1047 21
1048 21
1049 20
1050 16
1051 19
1052 19
1053 21
1054 20
1055 20
1056 19
1057 21
1058 21
1059 20
1060 16
1061 19
1062 19
1063 21
1064 20
1065 20
1066 19
1067 21
1068 21
1069 20
1070 18
1071 21
1072 21
1073 23
1074 22
1075 22
1076 21
1077 23
1078 23
1079 22
1080 17
1081 20
1082 20
1083 22
1084 21
1085 21
1086 20
1087 22
1088 22
1089 21
1090 17
1091 20
1092 20
1093 22
1094 21
1095 21
1096 20
1097 22
1098 22
1099 21
1100 21
1101 24
1102 24
1103 26
1104 25
1105 25
1106 24
1107 26
1108 26
1109 25
1110 24
1111 27
1112 27
1113 29
1114 29
1115 28
1116 28
1117 30
1118 29
1119 29
1120 27
1121 30
1122 30
1123 32
1124 31
1125 31
1126 30
1127 32
1128 32
1129 31
1130 27
1131 30
1132 30
1133 32
1134 31
1135 31
1136 30
1137 32
1138 32
1139 31
1140 26
1141 29
1142 29
1143 31
1144 30
1145 30
1146 29
1147 31
1148 31
1149 30
1150 26
1151 29
1152 29
1153 31
1154 30
1155 30
1156 29
1157 31
1158 31
1159 30
1160 26
1161 29
1162 29
1163 31
1164 30
1165 30
1166 29
1167 31
1168 31
1169 30
1170 28
1171 31
1172 31
1173 33
1174 32
1175 32
1176 31
1177 33
1178 33
1179 32
1180 27
1181 30
1182 30
1183 32
1184 31
1185 31
1186 30
1187 32
1188 32
1189 31
1190 27
1191 30
1192 30
1193 32
1194 31
1195 31
1196 30
1197 32
1198 32
1199 31
1200 21
1201 24
1202 24
1203 26
1204 25
1205 25
1206 24
1207 26
1208 26
1209 25
1210 24
1211 27
1212 27
1213 29
1214 29
1215 28
1216 28
1217 30
1218 29
1219 29
1220 27
1221 30
1222 30
1223 32
1224 31
1225 31
1226 30
1227 32
1228 32
1229 31
1230 27
1231 30
1232 30
1233 32
1234 31
1235 31
1236 30
1237 32
1238 32
1239 31
1240 26
1241 29
1242 29
1243 31
1244 30
1245 30
1246 29
1247 31
1248 31
1249 30
1250 26
1251 29
1252 29
1253 31
1254 30
1255 30
1256 29
1257 31
1258 31
1259 30
1260 26
1261 29
1262 29
1263 31
1264 30
1265 30
1266 29
1267 31
1268 31
1269 30
1270 28
1271 31
1272 31
1273 33
1274 32
1275 32
1276 31
1277 33
1278 33
1279 32
1280 27
1281 30
1282 30
1283 32
1284 31
1285 31
1286 30
1287 32
1288 32
1289 31
1290 27
1291 30
1292 30
1293 32
1294 31
1295 31
1296 30
1297 32
1298 32
1299 31
1300 23
1301 26
1302 26
1303 28
1304 27
1305 27
1306 26
1307 28
1308 28
1309 27
1310 26
1311 29
1312 29
1313 31
1314 31
1315 30
1316 30
1317 32
1318 31
1319 31
1320 29
1321 32
1322 32
1323 34
1324 33
1325 33
1326 32
1327 34
1328 34
1329 33
1330 29
1331 32
1332 32
1333 34
1334 33
1335 33
1336 32
1337 34
1338 34
1339 33
1340 28
1341 31
1342 31
1343 33
1344 32
1345 32
1346 31
1347 33
1348 33
1349 32
1350 28
1351 31
1352 31
1353 33
1354 32
1355 32
1356 31
1357 33
1358 33
1359 32
1360 28
1361 31
1362 31
1363 33
1364 32
1365 32
1366 31
1367 33
1368 33
1369 32
1370 30
1371 33
1372 33
1373 35
1374 34
1375 34
1376 33
1377 35
1378 35
1379 34
1380 29
1381 32
1382 32
1383 34
1384 33
1385 33
1386 32
1387 34
1388 34
1389 33
1390 29
1391 32
1392 32
1393 34
1394 33
1395 33
1396 32
1397 34
1398 34
1399 33
1400 22
1401 25
1402 25
1403 27
1404 26
1405 26
1406 25
1407 27
1408 27
1409 26
1410 25
1411 28
1412 28
1413 30
1414 30
1415 29
1416 29
1417 31
1418 30
1419 30
1420 28
1421 31
1422 31
1423 33
1424 32
1425 32
1426 31
1427 33
1428 33
1429 32
1430 28
1431 31
1432 31
1433 33
1434 32
1435 32
1436 31
1437 33
1438 33
1439 32
1440 27
1441 30
1442 30
1443 32
1444 31
1445 31
1446 30
1447 32
1448 32
1449 31
1450 27
1451 30
1452 30
1453 32
1454 31
1455 31
1456 30
1457 32
1458 32
1459 31
1460 27
1461 30
1462 30
1463 32
1464 31
1465 31
1466 30
1467 32
1468 32
1469 31
1470 29
1471 32
1472 32
1473 34
1474 33
1475 33
1476 32
1477 34
1478 34
1479 33
1480 28
1481 31
1482 31
1483 33
1484 32
1485 32
1486 31
1487 33
1488 33
1489 32
1490 28
1491 31
1492 31
1493 33
1494 32
1495 32
1496 31
1497 33
1498 33
1499 32
1500 22
1501 25
1502 25
1503 27
1504 26
1505 26
1506 25
1507 27
1508 27
1509 26
1510 25
1511 28
1512 28
1513 30
1514 30
1515 29
1516 29
1517 31
1518 30
1519 30
1520 28
1521 31
1522 31
1523 33
1524 32
1525 32
1526 31
1527 33
1528 33
1529 32
1530 28
1531 31
1532 31
1533 33
1534 32
1535 32
1536 31
1537 33
1538 33
1539 32
1540 27
1541 30
1542 30
1543 32
1544 31
1545 31
1546 30
1547 32
1548 32
1549 31
1550 27
1551 30
1552 30
1553 32
1554 31
1555 31
1556 30
1557 32
1558 32
1559 31
1560 27
1561 30
1562 30
1563 32
1564 31
1565 31
1566 30
1567 32
1568 32
1569 31
1570 29
1571 32
1572 32
1573 34
1574 33
1575 33
1576 32
1577 34
1578 34
1579 33
1580 28
1581 31
1582 31
1583 33
1584 32
1585 32
1586 31
1587 33
1588 33
1589 32
1590 28
1591 31
1592 31
1593 33
1594 32
1595 32
1596 31
1597 33
1598 33
1599 32
1600 21
1601 24
1602 24
1603 26
1604 25
1605 25
1606 24
1607 26
1608 26
1609 25
1610 24
1611 27
1612 27
1613 29
1614 29
1615 28
1616 28
1617 30
1618 29
1619 29
1620 27
1621 30
1622 30
1623 32
1624 31
1625 31
1626 30
1627 32
1628 32
1629 31
1630 27
1631 30
1632 30
1633 32
1634 31
1635 31
1636 30
1637 32
1638 32
1639 31
1640 26
1641 29
1642 29
1643 31
1644 30
1645 30
1646 29
1647 31
1648 31
1649 30
1650 26
1651 29
1652 29
1653 31
1654 30
1655 30
1656 29
1657 31
1658 31
1659 30
1660 26
1661 29
1662 29
1663 31
1664 30
1665 30
1666 29
1667 31
1668 31
1669 30
1670 28
1671 31
1672 31
1673 33
1674 32
1675 32
1676 31
1677 33
1678 33
1679 32
1680 27
1681 30
1682 30
1683 32
1684 31
1685 31
1686 30
1687 32
1688 32
1689 31
1690 27
1691 30
1692 30
1693 32
1694 31
1695 31
1696 30
1697 32
1698 32
1699 31
1700 23
1701 26
1702 26
1703 28
1704 27
1705 27
1706 26
1707 28
1708 28
1709 27
1710 26
1711 29
1712 29
1713 31
1714 31
1715 30
1716 30
1717 32
1718 31
1719 31
1720 29
1721 32
1722 32
1723 34
1724 33
1725 33
1726 32
1727 34
1728 34
1729 33
1730 29
1731 32
1732 32
1733 34
1734 33
1735 33
1736 32
1737 34
1738 34
1739 33
1740 28
1741 31
1742 31
1743 33
1744 32
1745 32
1746 31
1747 33
1748 33
1749 32
1750 28
1751 31
1752 31
1753 33
1754 32
1755 32
1756 31
1757 33
1758 33
1759 32
1760 28
1761 31
1762 31
1763 33
1764 32
1765 32
1766 31
1767 33
1768 33
1769 32
1770 30
1771 33
1772 33
1773 35
1774 34
1775 34
1776 33
1777 35
1778 35
1779 34
1780 29
1781 32
1782 32
1783 34
1784 33
1785 33
1786 32
1787 34
1788 34
1789 33
1790 29
1791 32
1792 32
1793 34
1794 33
1795 33
1796 32
1797 34
1798 34
1799 33
1800 23
1801 26
1802 26
1803 28
1804 27
1805 27
1806 26
1807 28
1808 28
1809 27
1810 26
1811 29
1812 29
1813 31
1814 31
1815 30
1816 30
1817 32
1818 31
1819 31
1820 29
1821 32
1822 32
1823 34
1824 33
1825 33
1826 32
1827 34
1828 34
1829 33
1830 29
1831 32
1832 32
1833 34
1834 33
1835 33
1836 32
1837 34
1838 34
1839 33
1840 28
1841 31
1842 31
1843 33
1844 32
1845 32
1846 31
1847 33
1848 33
1849 32
1850 28
1851 31
1852 31
1853 33
1854 32
1855 32
1856 31
1857 33
1858 33
1859 32
1860 28
1861 31
1862 31
1863 33
1864 32
1865 32
1866 31
1867 33
1868 33
1869 32
1870 30
1871 33
1872 33
1873 35
1874 34
1875 34
1876 33
1877 35
1878 35
1879 34
1880 29
1881 32
1882 32
1883 34
1884 33
1885 33
1886 32
1887 34
1888 34
1889 33
1890 29
1891 32
1892 32
1893 34
1894 33
1895 33
1896 32
1897 34
1898 34
1899 33
1900 22
1901 25
1902 25
1903 27
1904 26
1905 26
1906 25
1907 27
1908 27
1909 26
1910 25
1911 28
1912 28
1913 30
1914 30
1915 29
1916 29
1917 31
1918 30
1919 30
1920 28
1921 31
1922 31
1923 33
1924 32
1925 32
1926 31
1927 33
1928 33
1929 32
1930 28
1931 31
1932 31
1933 33
1934 32
1935 32
1936 31
1937 33
1938 33
1939 32
1940 27
1941 30
1942 30
1943 32
1944 31
1945 31
1946 30
1947 32
1948 32
1949 31
1950 27
1951 30
1952 30
1953 32
1954 31
1955 31
1956 30
1957 32
1958 32
1959 31
1960 27
1961 30
1962 30
1963 32
1964 31
1965 31
1966 30
1967 32
1968 32
1969 31
1970 29
1971 32
1972 32
1973 34
1974 33
1975 33
1976 32
1977 34
1978 34
1979 33
1980 28
1981 31
1982 31
1983 33
1984 32
1985 32
1986 31
1987 33
1988 33
1989 32
1990 28
1991 31
1992 31
1993 33
1994 32
1995 32
1996 31
1997 33
1998 33
1999 32
2000 11
2001 14
2002 14
2003 16
2004 15
2005 15
2006 14
2007 16
2008 16
2009 15
2010 14
2011 17
2012 17
2013 19
2014 19
2015 18
2016 18
2017 20
2018 19
2019 19
2020 17
2021 20
2022 20
2023 22
2024 21
2025 21
2026 20
2027 22
2028 22
2029 21
2030 17
2031 20
2032 20
2033 22
2034 21
2035 21
2036 20
2037 22
2038 22
2039 21
2040 16
2041 19
2042 19
2043 21
2044 20
2045 20
2046 19
2047 21
2048 21
2049 20
2050 16
2051 19
2052 19
2053 21
2054 20
2055 20
2056 19
2057 21
2058 21
2059 20
2060 16
2061 19
2062 19
2063 21
2064 20
2065 20
2066 19
2067 21
2068 21
2069 20
2070 18
2071 21
2072 21
2073 23
2074 22
2075 22
2076 21
2077 23
2078 23
2079 22
2080 17
2081 20
2082 20
2083 22
2084 21
2085 21
2086 20
2087 22
2088 22
2089 21
2090 17
2091 20
2092 20
2093 22
2094 21
2095 21
2096 20
2097 22
2098 22
2099 21
2100 21
2101 24
2102 24
2103 26
2104 25
2105 25
2106 24
2107 26
2108 26
2109 25
2110 24
2111 27
2112 27
2113 29
2114 29
2115 28
2116 28
2117 30
2118 29
2119 29
2120 27
2121 30
2122 30
2123 32
2124 31
2125 31
2126 30
2127 32
2128 32
2129 31
2130 27
2131 30
2132 30
2133 32
2134 31
2135 31
2136 30
2137 32
2138 32
2139 31
2140 26
2141 29
2142 29
2143 31
2144 30
2145 30
2146 29
2147 31
2148 31
2149 30
2150 26
2151 29
2152 29
2153 31
2154 30
2155 30
2156 29
2157 31
2158 31
2159 30
2160 26
2161 29
2162 29
2163 31
2164 30
2165 30
2166 29
2167 31
2168 31
2169 30
2170 28
2171 31
2172 31
2173 33
2174 32
2175 32
2176 31
2177 33
2178 33
2179 32
2180 27
2181 30
2182 30
2183 32
2184 31
2185 31
2186 30
2187 32
2188 32
2189 31
2190 27
2191 30
2192 30
2193 32
2194 31
2195 31
2196 30
2197 32
2198 32
2199 31
2200 21
2201 24
2202 24
2203 26
2204 25
2205 25
2206 24
2207 26
2208 26
2209 25
2210 24
2211 27
2212 27
2213 29
2214 29
2215 28
2216 28
2217 30
2218 29
2219 29
2220 27
2221 30
2222 30
2223 32
2224 31
2225 31
2226 30
2227 32
2228 32
2229 31
2230 27
2231 30
2232 30
2233 32
2234 31
2235 31
2236 30
2237 32
2238 32
2239 31
2240 26
2241 29
2242 29
2243 31
2244 30
2245 30
2246 29
2247 31
2248 31
2249 30
2250 26
2251 29
2252 29
2253 31
2254 30
2255 30
2256 29
2257 31
2258 31
2259 30
2260 26
2261 29
2262 29
2263 31
2264 30
2265 30
2266 29
2267 31
2268 31
2269 30
2270 28
2271 31
2272 31
2273 33
2274 32
2275 32
2276 31
2277 33
2278 33
2279 32
2280 27
2281 30
2282 30
2283 32
2284 31
2285 31
2286 30
2287 32
2288 32
2289 31
2290 27
2291 30
2292 30
2293 32
2294 31
2295 31
2296 30
2297 32
2298 32
2299 31
2300 23
2301 26
2302 26
2303 28
2304 27
2305 27
2306 26
2307 28
2308 28
2309 27
2310 26
2311 29
2312 29
2313 31
2314 31
2315 30
2316 30
2317 32
2318 31
2319 31
2320 29
2321 32
2322 32
2323 34
2324 33
2325 33
2326 32
2327 34
2328 34
2329 33
2330 29
2331 32
2332 32
2333 34
2334 33
2335 33
2336 32
2337 34
2338 34
2339 33
2340 28
2341 31
2342 31
2343 33
2344 32
2345 32
2346 31
2347 33
2348 33
2349 32
2350 28
2351 31
2352 31
2353 33
2354 32
2355 32
2356 31
2357 33
2358 33
2359 32
2360 28
2361 31
2362 31
2363 33
2364 32
2365 32
2366 31
2367 33
2368 33
2369 32
2370 30
2371 33
2372 33
2373 35
2374 34
2375 34
2376 33
2377 35
2378 35
2379 34
2380 29
2381 32
2382 32
2383 34
2384 33
2385 33
2386 32
2387 34
2388 34
2389 33
2390 29
2391 32
2392 32
2393 34
2394 33
2395 33
2396 32
2397 34
2398 34
2399 33
2400 22
2401 25
2402 25
2403 27
2404 26
2405 26
2406 25
2407 27
2408 27
2409 26
2410 25
2411 28
2412 28
2413 30
2414 30
2415 29
2416 29
2417 31
2418 30
2419 30
2420 28
2421 31
2422 31
2423 33
2424 32
2425 32
2426 31
2427 33
2428 33
2429 32
2430 28
2431 31
2432 31
2433 33
2434 32
2435 32
2436 31
2437 33
2438 33
2439 32
2440 27
2441 30
2442 30
2443 32
2444 31
2445 31
2446 30
2447 32
2448 32
2449 31
2450 27
2451 30
2452 30
2453 32
2454 31
2455 31
2456 30
2457 32
2458 32
2459 31
2460 27
2461 30
2462 30
2463 32
2464 31
2465 31
2466 30
2467 32
2468 32
2469 31
2470 29
2471 32
2472 32
2473 34
2474 33
2475 33
2476 32
2477 34
2478 34
2479 33
2480 28
2481 31
2482 31
2483 33
2484 32
2485 32
2486 31
2487 33
2488 33
2489 32
2490 28
2491 31
2492 31
2493 33
2494 32
2495 32
2496 31
2497 33
2498 33
2499 32
2500 22
2501 25
2502 25
2503 27
2504 26
2505 26
2506 25
2507 27
2508 27
2509 26
2510 25
2511 28
2512 28
2513 30
2514 30
2515 29
2516 29
2517 31
2518 30
2519 30
2520 28
2521 31
2522 31
2523 33
2524 32
2525 32
2526 31
2527 33
2528 33
2529 32
2530 28
2531 31
2532 31
2533 33
2534 32
2535 32
2536 31
2537 33
2538 33
2539 32
2540 27
2541 30
2542 30
2543 32
2544 31
2545 31
2546 30
2547 32
2548 32
2549 31
2550 27
2551 30
2552 30
2553 32
2554 31
2555 31
2556 30
2557 32
2558 32
2559 31
2560 27
2561 30
2562 30
2563 32
2564 31
2565 31
2566 30
2567 32
2568 32
2569 31
2570 29
2571 32
2572 32
2573 34
2574 33
2575 33
2576 32
2577 34
2578 34
2579 33
2580 28
2581 31
2582 31
2583 33
2584 32
2585 32
2586 31
2587 33
2588 33
2589 32
2590 28
2591 31
2592 31
2593 33
2594 32
2595 32
2596 31
2597 33
2598 33
2599 32
2600 21
2601 24
2602 24
2603 26
2604 25
2605 25
2606 24
2607 26
2608 26
2609 25
2610 24
2611 27
2612 27
2613 29
2614 29
2615 28
2616 28
2617 30
2618 29
2619 29
2620 27
2621 30
2622 30
2623 32
2624 31
2625 31
2626 30
2627 32
2628 32
2629 31
2630 27
2631 30
2632 30
2633 32
2634 31
2635 31
2636 30
2637 32
2638 32
2639 31
2640 26
2641 29
2642 29
2643 31
2644 30
2645 30
2646 29
2647 31
2648 31
2649 30
2650 26
2651 29
2652 29
2653 31
2654 30
2655 30
2656 29
2657 31
2658 31
2659 30
2660 26
2661 29
2662 29
2663 31
2664 30
2665 30
2666 29
2667 31
2668 31
2669 30
2670 28
2671 31
2672 31
2673 33
2674 32
2675 32
2676 31
2677 33
2678 33
2679 32
2680 27
2681 30
2682 30
2683 32
2684 31
2685 31
2686 30
2687 32
2688 32
2689 31
2690 27
2691 30
2692 30
2693 32
2694 31
2695 31
2696 30
2697 32
2698 32
2699 31
2700 23
2701 26
2702 26
2703 28
2704 27
2705 27
2706 26
2707 28
2708 28
2709 27
2710 26
2711 29
2712 29
2713 31
2714 31
2715 30
2716 30
2717 32
2718 31
2719 31
2720 29
2721 32
2722 32
2723 34
2724 33
2725 33
2726 32
2727 34
2728 34
2729 33
2730 29
2731 32
2732 32
2733 34
2734 33
2735 33
2736 32
2737 34
2738 34
2739 33
2740 28
2741 31
2742 31
2743 33
2744 32
2745 32
2746 31
2747 33
2748 33
2749 32
2750 28
2751 31
2752 31
2753 33
2754 32
2755 32
2756 31
2757 33
2758 33
2759 32
2760 28
2761 31
2762 31
2763 33
2764 32
2765 32
2766 31
2767 33
2768 33
2769 32
2770 30
2771 33
2772 33
2773 35
2774 34
2775 34
2776 33
2777 35
2778 35
2779 34
2780 29
2781 32
2782 32
2783 34
2784 33
2785 33
2786 32
2787 34
2788 34
2789 33
2790 29
2791 32
2792 32
2793 34
2794 33
2795 33
2796 32
2797 34
2798 34
2799 33
2800 23
2801 26
2802 26
2803 28
2804 27
2805 27
2806 26
2807 28
2808 28
2809 27
2810 26
2811 29
2812 29
2813 31
2814 31
2815 30
2816 30
2817 32
2818 31
2819 31
2820 29
2821 32
2822 32
2823 34
2824 33
2825 33
2826 32
2827 34
2828 34
2829 33
2830 29
2831 32
2832 32
2833 34
2834 33
2835 33
2836 32
2837 34
2838 34
2839 33
2840 28
2841 31
2842 31
2843 33
2844 32
2845 32
2846 31
2847 33
2848 33
2849 32
2850 28
2851 31
2852 31
2853 33
2854 32
2855 32
2856 31
2857 33
2858 33
2859 32
2860 28
2861 31
2862 31
2863 33
2864 32
2865 32
2866 31
2867 33
2868 33
2869 32
2870 30
2871 33
2872 33
2873 35
2874 34
2875 34
2876 33
2877 35
2878 35
2879 34
2880 29
2881 32
2882 32
2883 34
2884 33
2885 33
2886 32
2887 34
2888 34
2889 33
2890 29
2891 32
2892 32
2893 34
2894 33
2895 33
2896 32
2897 34
2898 34
2899 33
2900 22
2901 25
2902 25
2903 27
2904 26
2905 26
2906 25
2907 27
2908 27
2909 26
2910 25
2911 28
2912 28
2913 30
2914 30
2915 29
2916 29
2917 31
2918 30
2919 30
2920 28
2921 31
2922 31
2923 33
2924 32
2925 32
2926 31
2927 33
2928 33
2929 32
2930 28
2931 31
2932 31
2933 33
2934 32
2935 32
2936 31
2937 33
2938 33
2939 32
2940 27
2941 30
2942 30
2943 32
2944 31
2945 31
2946 30
2947 32
2948 32
2949 31
2950 27
2951 30
2952 30
2953 32
2954 31
2955 31
2956 30
2957 32
2958 32
2959 31
2960 27
2961 30
2962 30
2963 32
2964 31
2965 31
2966 30
2967 32
2968 32
2969 31
2970 29
2971 32
2972 32
2973 34
2974 33
2975 33
2976 32
2977 34
2978 34
2979 33
2980 28
2981 31
2982 31
2983 33
2984 32
2985 32
2986 31
2987 33
2988 33
2989 32
2990 28
2991 31
2992 31
2993 33
2994 32
2995 32
2996 31
2997 33
2998 33
2999 32
3000 13
3001 16
3002 16
3003 18
3004 17
3005 17
3006 16
3007 18
3008 18
3009 17
3010 16
3011 19
3012 19
3013 21
3014 21
3015 20
3016 20
3017 22
3018 21
3019 21
3020 19
3021 22
3022 22
3023 24
3024 23
3025 23
3026 22
3027 24
3028 24
3029 23
3030 19
3031 22
3032 22
3033 24
3034 23
3035 23
3036 22
3037 24
3038 24
3039 23
3040 18
3041 21
3042 21
3043 23
3044 22
3045 22
3046 21
3047 23
3048 23
3049 22
3050 18
3051 21
3052 21
3053 23
3054 22
3055 22
3056 21
3057 23
3058 23
3059 22
3060 18
3061 21
3062 21
3063 23
3064 22
3065 22
3066 21
3067 23
3068 23
3069 22
3070 20
3071 23
3072 23
3073 25
3074 24
3075 24
3076 23
3077 25
3078 25
3079 24
3080 19
3081 22
3082 22
3083 24
3084 23
3085 23
3086 22
3087 24
3088 24
3089 23
3090 19
3091 22
3092 22
3093 24
3094 23
3095 23
3096 22
3097 24
3098 24
3099 23
3100 23
3101 26
3102 26
3103 28
3104 27
3105 27
3106 26
3107 28
3108 28
3109 27
3110 26
3111 29
3112 29
3113 31
3114 31
3115 30
3116 30
3117 32
3118 31
3119 31
3120 29
3121 32
3122 32
3123 34
3124 33
3125 33
3126 32
3127 34
3128 34
3129 33
3130 29
3131 32
3132 32
3133 34
3134 33
3135 33
3136 32
3137 34
3138 34
3139 33
3140 28
3141 31
3142 31
3143 33
3144 32
3145 32
3146 31
3147 33
3148 33
3149 32
3150 28
3151 31
3152 31
3153 33
3154 32
3155 32
3156 31
3157 33
3158 33
3159 32
3160 28
3161 31
3162 31
3163 33
3164 32
3165 32
3166 31
3167 33
3168 33
3169 32
3170 30
3171 33
3172 33
3173 35
3174 34
3175 34
3176 33
3177 35
3178 35
3179 34
3180 29
3181 32
3182 32
3183 34
3184 33
3185 33
3186 32
3187 34
3188 34
3189 33
3190 29
3191 32
3192 32
3193 34
3194 33
3195 33
3196 32
3197 34
3198 34
3199 33
3200 23
3201 26
3202 26
3203 28
3204 27
3205 27
3206 26
3207 28
3208 28
3209 27
3210 26
3211 29
3212 29
3213 31
3214 31
3215 30
3216 30
3217 32
3218 31
3219 31
3220 29
3221 32
3222 32
3223 34
3224 33
3225 33
3226 32
3227 34
3228 34
3229 33
3230 29
3231 32
3232 32
3233 34
3234 33
3235 33
3236 32
3237 34
3238 34
3239 33
3240 28
3241 31
3242 31
3243 33
3244 32
3245 32
3246 31
3247 33
3248 33
3249 32
3250 28
3251 31
3252 31
3253 33
3254 32
3255 32
3256 31
3257 33
3258 33
3259 32
3260 28
3261 31
3262 31
3263 33
3264 32
3265 32
3266 31
3267 33
3268 33
3269 32
3270 30
3271 33
3272 33
3273 35
3274 34
3275 34
3276 33
3277 35
3278 35
3279 34
3280 29
3281 32
3282 32
3283 34
3284 33
3285 33
3286 32
3287 34
3288 34
3289 33
3290 29
3291 32
3292 32
3293 34
3294 33
3295 33
3296 32
3297 34
3298 34
3299 33
3300 25
3301 28
3302 28
3303 30
3304 29
3305 29
3306 28
3307 30
3308 30
3309 29
3310 28
3311 31
3312 31
3313 33
3314 33
3315 32
3316 32
3317 34
3318 33
3319 33
3320 31
3321 34
3322 34
3323 36
3324 35
3325 35
3326 34
3327 36
3328 36
3329 35
3330 31
3331 34
3332 34
3333 36
3334 35
3335 35
3336 34
3337 36
3338 36
3339 35
3340 30
3341 33
3342 33
3343 35
3344 34
3345 34
3346 33
3347 35
3348 35
3349 34
3350 30
3351 33
3352 33
3353 35
3354 34
3355 34
3356 33
3357 35
3358 35
3359 34
3360 30
3361 33
3362 33
3363 35
3364 34
3365 34
3366 33
3367 35
3368 35
3369 34
3370 32
3371 35
3372 35
3373 37
3374 36
3375 36
3376 35
3377 37
3378 37
3379 36
3380 31
3381 34
3382 34
3383 36
3384 35
3385 35
3386 34
3387 36
3388 36
3389 35
3390 31
3391 34
3392 34
3393 36
3394 35
3395 35
3396 34
3397 36
3398 36
3399 35
3400 24
3401 27
3402 27
3403 29
3404 28
3405 28
3406 27
3407 29
3408 29
3409 28
3410 27
3411 30
3412 30
3413 32
3414 32
3415 31
3416 31
3417 33
3418 32
3419 32
3420 30
3421 33
3422 33
3423 35
3424 34
3425 34
3426 33
3427 35
3428 35
3429 34
3430 30
3431 33
3432 33
3433 35
3434 34
3435 34
3436 33
3437 35
3438 35
3439 34
3440 29
3441 32
3442 32
3443 34
3444 33
3445 33
3446 32
3447 34
3448 34
3449 33
3450 29
3451 32
3452 32
3453 34
3454 33
3455 33
3456 32
3457 34
3458 34
3459 33
3460 29
3461 32
3462 32
3463 34
3464 33
3465 33
3466 32
3467 34
3468 34
3469 33
3470 31
3471 34
3472 34
3473 36
3474 35
3475 35
3476 34
3477 36
3478 36
3479 35
3480 30
3481 33
3482 33
3483 35
3484 34
3485 34
3486 33
3487 35
3488 35
3489 34
3490 30
3491 33
3492 33
3493 35
3494 34
3495 34
3496 33
3497 35
3498 35
3499 34
3500 24
3501 27
3502 27
3503 29
3504 28
3505 28
3506 27
3507 29
3508 29
3509 28
3510 27
3511 30
3512 30
3513 32
3514 32
3515 31
3516 31
3517 33
3518 32
3519 32
3520 30
3521 33
3522 33
3523 35
3524 34
3525 34
3526 33
3527 35
3528 35
3529 34
3530 30
3531 33
3532 33
3533 35
3534 34
3535 34
3536 33
3537 35
3538 35
3539 34
3540 29
3541 32
3542 32
3543 34
3544 33
3545 33
3546 32
3547 34
3548 34
3549 33
3550 29
3551 32
3552 32
3553 34
3554 33
3555 33
3556 32
3557 34
3558 34
3559 33
3560 29
3561 32
3562 32
3563 34
3564 33
3565 33
3566 32
3567 34
3568 34
3569 33
3570 31
3571 34
3572 34
3573 36
3574 35
3575 35
3576 34
3577 36
3578 36
3579 35
3580 30
3581 33
3582 33
3583 35
3584 34
3585 34
3586 33
3587 35
3588 35
3589 34
3590 30
3591 33
3592 33
3593 35
3594 34
3595 34
3596 33
3597 35
3598 35
3599 34
3600 23
3601 26
3602 26
3603 28
3604 27
3605 27
3606 26
3607 28
3608 28
3609 27
3610 26
3611 29
3612 29
3613 31
3614 31
3615 30
3616 30
3617 32
3618 31
3619 31
3620 29
3621 32
3622 32
3623 34
3624 33
3625 33
3626 32
3627 34
3628 34
3629 33
3630 29
3631 32
3632 32
3633 34
3634 33
3635 33
3636 32
3637 34
3638 34
3639 33
3640 28
3641 31
3642 31
3643 33
3644 32
3645 32
3646 31
3647 33
3648 33
3649 32
3650 28
3651 31
3652 31
3653 33
3654 32
3655 32
3656 31
3657 33
3658 33
3659 32
3660 28
3661 31
3662 31
3663 33
3664 32
3665 32
3666 31
3667 33
3668 33
3669 32
3670 30
3671 33
3672 33
3673 35
3674 34
3675 34
3676 33
3677 35
3678 35
3679 34
3680 29
3681 32
3682 32
3683 34
3684 33
3685 33
3686 32
3687 34
3688 34
3689 33
3690 29
3691 32
3692 32
3693 34
3694 33
3695 33
3696 32
3697 34
3698 34
3699 33
3700 25
3701 28
3702 28
3703 30
3704 29
3705 29
3706 28
3707 30
3708 30
3709 29
3710 28
3711 31
3712 31
3713 33
3714 33
3715 32
3716 32
3717 34
3718 33
3719 33
3720 31
3721 34
3722 34
3723 36
3724 35
3725 35
3726 34
3727 36
3728 36
3729 35
3730 31
3731 34
3732 34
3733 36
3734 35
3735 35
3736 34
3737 36
3738 36
3739 35
3740 30
3741 33
3742 33
3743 35
3744 34
3745 34
3746 33
3747 35
3748 35
3749 34
3750 30
3751 33
3752 33
3753 35
3754 34
3755 34
3756 33
3757 35
3758 35
3759 34
3760 30
3761 33
3762 33
3763 35
3764 34
3765 34
3766 33
3767 35
3768 35
3769 34
3770 32
3771 35
3772 35
3773 37
3774 36
3775 36
3776 35
3777 37
3778 37
3779 36
3780 31
3781 34
3782 34
3783 36
3784 35
3785 35
3786 34
3787 36
3788 36
3789 35
3790 31
3791 34
3792 34
3793 36
3794 35
3795 35
3796 34
3797 36
3798 36
3799 35
3800 25
3801 28
3802 28
3803 30
3804 29
3805 29
3806 28
3807 30
3808 30
3809 29
3810 28
3811 31
3812 31
3813 33
3814 33
3815 32
3816 32
3817 34
3818 33
3819 33
3820 31
3821 34
3822 34
3823 36
3824 35
3825 35
3826 34
3827 36
3828 36
3829 35
3830 31
3831 34
3832 34
3833 36
3834 35
3835 35
3836 34
3837 36
3838 36
3839 35
3840 30
3841 33
3842 33
3843 35
3844 34
3845 34
3846 33
3847 35
3848 35
3849 34
3850 30
3851 33
3852 33
3853 35
3854 34
3855 34
3856 33
3857 35
3858 35
3859 34
3860 30
3861 33
3862 33
3863 35
3864 34
3865 34
3866 33
3867 35
3868 35
3869 34
3870 32
3871 35
3872 35
3873 37
3874 36
3875 36
3876 35
3877 37
3878 37
3879 36
3880 31
3881 34
3882 34
3883 36
3884 35
3885 35
3886 34
3887 36
3888 36
3889 35
3890 31
3891 34
3892 34
3893 36
3894 35
3895 35
3896 34
3897 36
3898 36
3899 35
3900 24
3901 27
3902 27
3903 29
3904 28
3905 28
3906 27
3907 29
3908 29
3909 28
3910 27
3911 30
3912 30
3913 32
3914 32
3915 31
3916 31
3917 33
3918 32
3919 32
3920 30
3921 33
3922 33
3923 35
3924 34
3925 34
3926 33
3927 35
3928 35
3929 34
3930 30
3931 33
3932 33
3933 35
3934 34
3935 34
3936 33
3937 35
3938 35
3939 34
3940 29
3941 32
3942 32
3943 34
3944 33
3945 33
3946 32
3947 34
3948 34
3949 33
3950 29
3951 32
3952 32
3953 34
3954 33
3955 33
3956 32
3957 34
3958 34
3959 33
3960 29
3961 32
3962 32
3963 34
3964 33
3965 33
3966 32
3967 34
3968 34
3969 33
3970 31
3971 34
3972 34
3973 36
3974 35
3975 35
3976 34
3977 36
3978 36
3979 35
3980 30
3981 33
3982 33
3983 35
3984 34
3985 34
3986 33
3987 35
3988 35
3989 34
3990 30
3991 33
3992 33
3993 35
3994 34
3995 34
3996 33
3997 35
3998 35
3999 34
4000 12
4001 15
4002 15
4003 17
4004 16
4005 16
4006 15
4007 17
4008 17
4009 16
4010 15
4011 18
4012 18
4013 20
4014 20
4015 19
4016 19
4017 21
4018 20
4019 20
4020 18
4021 21
4022 21
4023 23
4024 22
4025 22
4026 21
4027 23
4028 23
4029 22
4030 18
4031 21
4032 21
4033 23
4034 22
4035 22
4036 21
4037 23
4038 23
4039 22
4040 17
4041 20
4042 20
4043 22
4044 21
4045 21
4046 20
4047 22
4048 22
4049 21
4050 17
4051 20
4052 20
4053 22
4054 21
4055 21
4056 20
4057 22
4058 22
4059 21
4060 17
4061 20
4062 20
4063 22
4064 21
4065 21
4066 20
4067 22
4068 22
4069 21
4070 19
4071 22
4072 22
4073 24
4074 23
4075 23
4076 22
4077 24
4078 24
4079 23
4080 18
4081 21
4082 21
4083 23
4084 22
4085 22
4086 21
4087 23
4088 23
4089 22
4090 18
4091 21
4092 21
4093 23
4094 22
4095 22
4096 21
4097 23
4098 23
4099 22
4100 22
4101 25
4102 25
4103 27
4104 26
4105 26
4106 25
4107 27
4108 27
4109 26
4110 25
4111 28
4112 28
4113 30
4114 30
4115 29
4116 29
4117 31
4118 30
4119 30
4120 28
4121 31
4122 31
4123 33
4124 32
4125 32
4126 31
4127 33
4128 33
4129 32
4130 28
4131 31
4132 31
4133 33
4134 32
4135 32
4136 31
4137 33
4138 33
4139 32
4140 27
4141 30
4142 30
4143 32
4144 31
4145 31
4146 30
4147 32
4148 32
4149 31
4150 27
4151 30
4152 30
4153 32
4154 31
4155 31
4156 30
4157 32
4158 32
4159 31
4160 27
4161 30
4162 30
4163 32
4164 31
4165 31
4166 30
4167 32
4168 32
4169 31
4170 29
4171 32
4172 32
4173 34
4174 33
4175 33
4176 32
4177 34
4178 34
4179 33
4180 28
4181 31
4182 31
4183 33
4184 32
4185 32
4186 31
4187 33
4188 33
4189 32
4190 28
4191 31
4192 31
4193 33
4194 32
4195 32
4196 31
4197 33
4198 33
4199 32
4200 22
4201 25
4202 25
4203 27
4204 26
4205 26
4206 25
4207 27
4208 27
4209 26
4210 25
4211 28
4212 28
4213 30
4214 30
4215 29
4216 29
4217 31
4218 30
4219 30
4220 28
4221 31
4222 31
4223 33
4224 32
4225 32
4226 31
4227 33
4228 33
4229 32
4230 28
4231 31
4232 31
4233 33
4234 32
4235 32
4236 31
4237 33
4238 33
4239 32
4240 27
4241 30
4242 30
4243 32
4244 31
4245 31
4246 30
4247 32
4248 32
4249 31
4250 27
4251 30
4252 30
4253 32
4254 31
4255 31
4256 30
4257 32
4258 32
4259 31
4260 27
4261 30
4262 30
4263 32
4264 31
4265 31
4266 30
4267 32
4268 32
4269 31
4270 29
4271 32
4272 32
4273 34
4274 33
4275 33
4276 32
4277 34
4278 34
4279 33
4280 28
4281 31
4282 31
4283 33
4284 32
4285 32
4286 31
4287 33
4288 33
4289 32
4290 28
4291 31
4292 31
4293 33
4294 32
4295 32
4296 31
4297 33
4298 33
4299 32
4300 24
4301 27
4302 27
4303 29
4304 28
4305 28
4306 27
4307 29
4308 29
4309 28
4310 27
4311 30
4312 30
4313 32
4314 32
4315 31
4316 31
4317 33
4318 32
4319 32
4320 30
4321 33
4322 33
4323 35
4324 34
4325 34
4326 33
4327 35
4328 35
4329 34
4330 30
4331 33
4332 33
4333 35
4334 34
4335 34
4336 33
4337 35
4338 35
4339 34
4340 29
4341 32
4342 32
4343 34
4344 33
4345 33
4346 32
4347 34
4348 34
4349 33
4350 29
4351 32
4352 32
4353 34
4354 33
4355 33
4356 32
4357 34
4358 34
4359 33
4360 29
4361 32
4362 32
4363 34
4364 33
4365 33
4366 32
4367 34
4368 34
4369 33
4370 31
4371 34
4372 34
4373 36
4374 35
4375 35
4376 34
4377 36
4378 36
4379 35
4380 30
4381 33
4382 33
4383 35
4384 34
4385 34
4386 33
4387 35
4388 35
4389 34
4390 30
4391 33
4392 33
4393 35
4394 34
4395 34
4396 33
4397 35
4398 35
4399 34
4400 23
4401 26
4402 26
4403 28
4404 27
4405 27
4406 26
4407 28
4408 28
4409 27
4410 26
4411 29
4412 29
4413 31
4414 31
4415 30
4416 30
4417 32
4418 31
4419 31
4420 29
4421 32
4422 32
4423 34
4424 33
4425 33
4426 32
4427 34
4428 34
4429 33
4430 29
4431 32
4432 32
4433 34
4434 33
4435 33
4436 32
4437 34
4438 34
4439 33
4440 28
4441 31
4442 31
4443 33
4444 32
4445 32
4446 31
4447 33
4448 33
4449 32
4450 28
4451 31
4452 31
4453 33
4454 32
4455 32
4456 31
4457 33
4458 33
4459 32
4460 28
4461 31
4462 31
4463 33
4464 32
4465 32
4466 31
4467 33
4468 33
4469 32
4470 30
4471 33
4472 33
4473 35
4474 34
4475 34
4476 33
4477 35
4478 35
4479 34
4480 29
4481 32
4482 32
4483 34
4484 33
4485 33
4486 32
4487 34
4488 34
4489 33
4490 29
4491 32
4492 32
4493 34
4494 33
4495 33
4496 32
4497 34
4498 34
4499 33
4500 23
4501 26
4502 26
4503 28
4504 27
4505 27
4506 26
4507 28
4508 28
4509 27
4510 26
4511 29
4512 29
4513 31
4514 31
4515 30
4516 30
4517 32
4518 31
4519 31
4520 29
4521 32
4522 32
4523 34
4524 33
4525 33
4526 32
4527 34
4528 34
4529 33
4530 29
4531 32
4532 32
4533 34
4534 33
4535 33
4536 32
4537 34
4538 34
4539 33
4540 28
4541 31
4542 31
4543 33
4544 32
4545 32
4546 31
4547 33
4548 33
4549 32
4550 28
4551 31
4552 31
4553 33
4554 32
4555 32
4556 31
4557 33
4558 33
4559 32
4560 28
4561 31
4562 31
4563 33
4564 32
4565 32
4566 31
4567 33
4568 33
4569 32
4570 30
4571 33
4572 33
4573 35
4574 34
4575 34
4576 33
4577 35
4578 35
4579 34
4580 29
4581 32
4582 32
4583 34
4584 33
4585 33
4586 32
4587 34
4588 34
4589 33
4590 29
4591 32
4592 32
4593 34
4594 33
4595 33
4596 32
4597 34
4598 34
4599 33
4600 22
4601 25
4602 25
4603 27
4604 26
4605 26
4606 25
4607 27
4608 27
4609 26
4610 25
4611 28
4612 28
4613 30
4614 30
4615 29
4616 29
4617 31
4618 30
4619 30
4620 28
4621 31
4622 31
4623 33
4624 32
4625 32
4626 31
4627 33
4628 33
4629 32
4630 28
4631 31
4632 31
4633 33
4634 32
4635 32
4636 31
4637 33
4638 33
4639 32
4640 27
4641 30
4642 30
4643 32
4644 31
4645 31
4646 30
4647 32
4648 32
4649 31
4650 27
4651 30
4652 30
4653 32
4654 31
4655 31
4656 30
4657 32
4658 32
4659 31
4660 27
4661 30
4662 30
4663 32
4664 31
4665 31
4666 30
4667 32
4668 32
4669 31
4670 29
4671 32
4672 32
4673 34
4674 33
4675 33
4676 32
4677 34
4678 34
4679 33
4680 28
4681 31
4682 31
4683 33
4684 32
4685 32
4686 31
4687 33
4688 33
4689 32
4690 28
4691 31
4692 31
4693 33
4694 32
4695 32
4696 31
4697 33
4698 33
4699 32
4700 24
4701 27
4702 27
4703 29
4704 28
4705 28
4706 27
4707 29
4708 29
4709 28
4710 27
4711 30
4712 30
4713 32
4714 32
4715 31
4716 31
4717 33
4718 32
4719 32
4720 30
4721 33
4722 33
4723 35
4724 34
4725 34
4726 33
4727 35
4728 35
4729 34
4730 30
4731 33
4732 33
4733 35
4734 34
4735 34
4736 33
4737 35
4738 35
4739 34
4740 29
4741 32
4742 32
4743 34
4744 33
4745 33
4746 32
4747 34
4748 34
4749 33
4750 29
4751 32
4752 32
4753 34
4754 33
4755 33
4756 32
4757 34
4758 34
4759 33
4760 29
4761 32
4762 32
4763 34
4764 33
4765 33
4766 32
4767 34
4768 34
4769 33
4770 31
4771 34
4772 34
4773 36
4774 35
4775 35
4776 34
4777 36
4778 36
4779 35
4780 30
4781 33
4782 33
4783 35
4784 34
4785 34
4786 33
4787 35
4788 35
4789 34
4790 30
4791 33
4792 33
4793 35
4794 34
4795 34
4796 33
4797 35
4798 35
4799 34
4800 24
4801 27
4802 27
4803 29
4804 28
4805 28
4806 27
4807 29
4808 29
4809 28
4810 27
4811 30
4812 30
4813 32
4814 32
4815 31
4816 31
4817 33
4818 32
4819 32
4820 30
4821 33
4822 33
4823 35
4824 34
4825 34
4826 33
4827 35
4828 35
4829 34
4830 30
4831 33
4832 33
4833 35
4834 34
4835 34
4836 33
4837 35
4838 35
4839 34
4840 29
4841 32
4842 32
4843 34
4844 33
4845 33
4846 32
4847 34
4848 34
4849 33
4850 29
4851 32
4852 32
4853 34
4854 33
4855 33
4856 32
4857 34
4858 34
4859 33
4860 29
4861 32
4862 32
4863 34
4864 33
4865 33
4866 32
4867 34
4868 34
4869 33
4870 31
4871 34
4872 34
4873 36
4874 35
4875 35
4876 34
4877 36
4878 36
4879 35
4880 30
4881 33
4882 33
4883 35
4884 34
4885 34
4886 33
4887 35
4888 35
4889 34
4890 30
4891 33
4892 33
4893 35
4894 34
4895 34
4896 33
4897 35
4898 35
4899 34
4900 23
4901 26
4902 26
4903 28
4904 27
4905 27
4906 26
4907 28
4908 28
4909 27
4910 26
4911 29
4912 29
4913 31
4914 31
4915 30
4916 30
4917 32
4918 31
4919 31
4920 29
4921 32
4922 32
4923 34
4924 33
4925 33
4926 32
4927 34
4928 34
4929 33
4930 29
4931 32
4932 32
4933 34
4934 33
4935 33
4936 32
4937 34
4938 34
4939 33
4940 28
4941 31
4942 31
4943 33
4944 32
4945 32
4946 31
4947 33
4948 33
4949 32
4950 28
4951 31
4952 31
4953 33
4954 32
4955 32
4956 31
4957 33
4958 33
4959 32
4960 28
4961 31
4962 31
4963 33
4964 32
4965 32
4966 31
4967 33
4968 33
4969 32
4970 30
4971 33
4972 33
4973 35
4974 34
4975 34
4976 33
4977 35
4978 35
4979 34
4980 29
4981 32
4982 32
4983 34
4984 33
4985 33
4986 32
4987 34
4988 34
4989 33
4990 29
4991 32
4992 32
4993 34
4994 33
4995 33
4996 32
4997 34
4998 34
4999 33
5000 12
5001 15
5002 15
5003 17
5004 16
5005 16
5006 15
5007 17
5008 17
5009 16
5010 15
5011 18
5012 18
5013 20
5014 20
5015 19
5016 19
5017 21
5018 20
5019 20
5020 18
5021 21
5022 21
5023 23
5024 22
5025 22
5026 21
5027 23
5028 23
5029 22
5030 18
5031 21
5032 21
5033 23
5034 22
5035 22
5036 21
5037 23
5038 23
5039 22
5040 17
5041 20
5042 20
5043 22
5044 21
5045 21
5046 20
5047 22
5048 22
5049 21
5050 17
5051 20
5052 20
5053 22
5054 21
5055 21
5056 20
5057 22
5058 22
5059 21
5060 17
5061 20
5062 20
5063 22
5064 21
5065 21
5066 20
5067 22
5068 22
5069 21
5070 19
5071 22
5072 22
5073 24
5074 23
5075 23
5076 22
5077 24
5078 24
5079 23
5080 18
5081 21
5082 21
5083 23
5084 22
5085 22
5086 21
5087 23
5088 23
5089 22
5090 18
5091 21
5092 21
5093 23
5094 22
5095 22
5096 21
5097 23
5098 23
5099 22
5100 22
5101 25
5102 25
5103 27
5104 26
5105 26
5106 25
5107 27
5108 27
5109 26
5110 25
5111 28
5112 28
5113 30
5114 30
5115 29
5116 29
5117 31
5118 30
5119 30
5120 28
5121 31
5122 31
5123 33
5124 32
5125 32
5126 31
5127 33
5128 33
5129 32
5130 28
5131 31
5132 31
5133 33
5134 32
5135 32
5136 31
5137 33
5138 33
5139 32
5140 27
5141 30
5142 30
5143 32
5144 31
5145 31
5146 30
5147 32
5148 32
5149 31
5150 27
5151 30
5152 30
5153 32
5154 31
5155 31
5156 30
5157 32
5158 32
5159 31
5160 27
5161 30
5162 30
5163 32
5164 31
5165 31
5166 30
5167 32
5168 32
5169 31
5170 29
5171 32
5172 32
5173 34
5174 33
5175 33
5176 32
5177 34
5178 34
5179 33
5180 28
5181 31
5182 31
5183 33
5184 32
5185 32
5186 31
5187 33
5188 33
5189 32
5190 28
5191 31
5192 31
5193 33
5194 32
5195 32
5196 31
5197 33
5198 33
5199 32
5200 22
5201 25
5202 25
5203 27
5204 26
5205 26
5206 25
5207 27
5208 27
5209 26
5210 25
5211 28
5212 28
5213 30
5214 30
5215 29
5216 29
5217 31
5218 30
5219 30
5220 28
5221 31
5222 31
5223 33
5224 32
5225 32
5226 31
5227 33
5228 33
5229 32
5230 28
5231 31
5232 31
5233 33
5234 32
5235 32
5236 31
5237 33
5238 33
5239 32
5240 27
5241 30
5242 30
5243 32
5244 31
5245 31
5246 30
5247 32
5248 32
5249 31
5250 27
5251 30
5252 30
5253 32
5254 31
5255 31
5256 30
5257 32
5258 32
5259 31
5260 27
5261 30
5262 30
5263 32
5264 31
5265 31
5266 30
5267 32
5268 32
5269 31
5270 29
5271 32
5272 32
5273 34
5274 33
5275 33
5276 32
5277 34
5278 34
5279 33
5280 28
5281 31
5282 31
5283 33
5284 32
5285 32
5286 31
5287 33
5288 33
5289 32
5290 28
5291 31
5292 31
5293 33
5294 32
5295 32
5296 31
5297 33
5298 33
5299 32
5300 24
5301 27
5302 27
5303 29
5304 28
5305 28
5306 27
5307 29
5308 29
5309 28
5310 27
5311 30
5312 30
5313 32
5314 32
5315 31
5316 31
5317 33
5318 32
5319 32
5320 30
5321 33
5322 33
5323 35
5324 34
5325 34
5326 33
5327 35
5328 35
5329 34
5330 30
5331 33
5332 33
5333 35
5334 34
5335 34
5336 33
5337 35
5338 35
5339 34
5340 29
5341 32
5342 32
5343 34
5344 33
5345 33
5346 32
5347 34
5348 34
5349 33
5350 29
5351 32
5352 32
5353 34
5354 33
5355 33
5356 32
5357 34
5358 34
5359 33
5360 29
5361 32
5362 32
5363 34
5364 33
5365 33
5366 32
5367 34
5368 34
5369 33
5370 31
5371 34
5372 34
5373 36
5374 35
5375 35
5376 34
5377 36
5378 36
5379 35
5380 30
5381 33
5382 33
5383 35
5384 34
5385 34
5386 33
5387 35
5388 35
5389 34
5390 30
5391 33
5392 33
5393 35
5394 34
5395 34
5396 33
5397 35
5398 35
5399 34
5400 23
5401 26
5402 26
5403 28
5404 27
5405 27
5406 26
5407 28
5408 28
5409 27
5410 26
5411 29
5412 29
5413 31
5414 31
5415 30
5416 30
5417 32
5418 31
5419 31
5420 29
5421 32
5422 32
5423 34
5424 33
5425 33
5426 32
5427 34
5428 34
5429 33
5430 29
5431 32
5432 32
5433 34
5434 33
5435 33
5436 32
5437 34
5438 34
5439 33
5440 28
5441 31
5442 31
5443 33
5444 32
5445 32
5446 31
5447 33
5448 33
5449 32
5450 28
5451 31
5452 31
5453 33
5454 32
5455 32
5456 31
5457 33
5458 33
5459 32
5460 28
5461 31
5462 31
5463 33
5464 32
5465 32
5466 31
5467 33
5468 33
5469 32
5470 30
5471 33
5472 33
5473 35
5474 34
5475 34
5476 33
5477 35
5478 35
5479 34
5480 29
5481 32
5482 32
5483 34
5484 33
5485 33
5486 32
5487 34
5488 34
5489 33
5490 29
5491 32
5492 32
5493 34
5494 33
5495 33
5496 32
5497 34
5498 34
5499 33
5500 23
5501 26
5502 26
5503 28
5504 27
5505 27
5506 26
5507 28
5508 28
5509 27
5510 26
5511 29
5512 29
5513 31
5514 31
5515 30
5516 30
5517 32
5518 31
5519 31
5520 29
5521 32
5522 32
5523 34
5524 33
5525 33
5526 32
5527 34
5528 34
5529 33
5530 29
5531 32
5532 32
5533 34
5534 33
5535 33
5536 32
5537 34
5538 34
5539 33
5540 28
5541 31
5542 31
5543 33
5544 32
5545 32
5546 31
5547 33
5548 33
5549 32
5550 28
5551 31
5552 31
5553 33
5554 32
5555 32
5556 31
5557 33
5558 33
5559 32
5560 28
5561 31
5562 31
5563 33
5564 32
5565 32
5566 31
5567 33
5568 33
5569 32
5570 30
5571 33
5572 33
5573 35
5574 34
5575 34
5576 33
5577 35
5578 35
5579 34
5580 29
5581 32
5582 32
5583 34
5584 33
5585 33
5586 32
5587 34
5588 34
5589 33
5590 29
5591 32
5592 32
5593 34
5594 33
5595 33
5596 32
5597 34
5598 34
5599 33
5600 22
5601 25
5602 25
5603 27
5604 26
5605 26
5606 25
5607 27
5608 27
5609 26
5610 25
5611 28
5612 28
5613 30
5614 30
5615 29
5616 29
5617 31
5618 30
5619 30
5620 28
5621 31
5622 31
5623 33
5624 32
5625 32
5626 31
5627 33
5628 33
5629 32
5630 28
5631 31
5632 31
5633 33
5634 32
5635 32
5636 31
5637 33
5638 33
5639 32
5640 27
5641 30
5642 30
5643 32
5644 31
5645 31
5646 30
5647 32
5648 32
5649 31
5650 27
5651 30
5652 30
5653 32
5654 31
5655 31
5656 30
5657 32
5658 32
5659 31
5660 27
5661 30
5662 30
5663 32
5664 31
5665 31
5666 30
5667 32
5668 32
5669 31
5670 29
5671 32
5672 32
5673 34
5674 33
5675 33
5676 32
5677 34
5678 34
5679 33
5680 28
5681 31
5682 31
5683 33
5684 32
5685 32
5686 31
5687 33
5688 33
5689 32
5690 28
5691 31
5692 31
5693 33
5694 32
5695 32
5696 31
5697 33
5698 33
5699 32
5700 24
5701 27
5702 27
5703 29
5704 28
5705 28
5706 27
5707 29
5708 29
5709 28
5710 27
5711 30
5712 30
5713 32
5714 32
5715 31
5716 31
5717 33
5718 32
5719 32
5720 30
5721 33
5722 33
5723 35
5724 34
5725 34
5726 33
5727 35
5728 35
5729 34
5730 30
5731 33
5732 33
5733 35
5734 34
5735 34
5736 33
5737 35
5738 35
5739 34
5740 29
5741 32
5742 32
5743 34
5744 33
5745 33
5746 32
5747 34
5748 34
5749 33
5750 29
5751 32
5752 32
5753 34
5754 33
5755 33
5756 32
5757 34
5758 34
5759 33
5760 29
5761 32
5762 32
5763 34
5764 33
5765 33
5766 32
5767 34
5768 34
5769 33
5770 31
5771 34
5772 34
5773 36
5774 35
5775 35
5776 34
5777 36
5778 36
5779 35
5780 30
5781 33
5782 33
5783 35
5784 34
5785 34
5786 33
5787 35
5788 35
5789 34
5790 30
5791 33
5792 33
5793 35
5794 34
5795 34
5796 33
5797 35
5798 35
5799 34
5800 24
5801 27
5802 27
5803 29
5804 28
5805 28
5806 27
5807 29
5808 29
5809 28
5810 27
5811 30
5812 30
5813 32
5814 32
5815 31
5816 31
5817 33
5818 32
5819 32
5820 30
5821 33
5822 33
5823 35
5824 34
5825 34
5826 33
5827 35
5828 35
5829 34
5830 30
5831 33
5832 33
5833 35
5834 34
5835 34
5836 33
5837 35
5838 35
5839 34
5840 29
5841 32
5842 32
5843 34
5844 33
5845 33
5846 32
5847 34
5848 34
5849 33
5850 29
5851 32
5852 32
5853 34
5854 33
5855 33
5856 32
5857 34
5858 34
5859 33
5860 29
5861 32
5862 32
5863 34
5864 33
5865 33
5866 32
5867 34
5868 34
5869 33
5870 31
5871 34
5872 34
5873 36
5874 35
5875 35
5876 34
5877 36
5878 36
5879 35
5880 30
5881 33
5882 33
5883 35
5884 34
5885 34
5886 33
5887 35
5888 35
5889 34
5890 30
5891 33
5892 33
5893 35
5894 34
5895 34
5896 33
5897 35
5898 35
5899 34
5900 23
5901 26
5902 26
5903 28
5904 27
5905 27
5906 26
5907 28
5908 28
5909 27
5910 26
5911 29
5912 29
5913 31
5914 31
5915 30
5916 30
5917 32
5918 31
5919 31
5920 29
5921 32
5922 32
5923 34
5924 33
5925 33
5926 32
5927 34
5928 34
5929 33
5930 29
5931 32
5932 32
5933 34
5934 33
5935 33
5936 32
5937 34
5938 34
5939 33
5940 28
5941 31
5942 31
5943 33
5944 32
5945 32
5946 31
5947 33
5948 33
5949 32
5950 28
5951 31
5952 31
5953 33
5954 32
5955 32
5956 31
5957 33
5958 33
5959 32
5960 28
5961 31
5962 31
5963 33
5964 32
5965 32
5966 31
5967 33
5968 33
5969 32
5970 30
5971 33
5972 33
5973 35
5974 34
5975 34
5976 33
5977 35
5978 35
5979 34
5980 29
5981 32
5982 32
5983 34
5984 33
5985 33
5986 32
5987 34
5988 34
5989 33
5990 29
5991 32
5992 32
5993 34
5994 33
5995 33
5996 32
5997 34
5998 34
5999 33
6000 11
6001 14
6002 14
6003 16
6004 15
6005 15
6006 14
6007 16
6008 16
6009 15
6010 14
6011 17
6012 17
6013 19
6014 19
6015 18
6016 18
6017 20
6018 19
6019 19
6020 17
6021 20
6022 20
6023 22
6024 21
6025 21
6026 20
6027 22
6028 22
6029 21
6030 17
6031 20
6032 20
6033 22
6034 21
6035 21
6036 20
6037 22
6038 22
6039 21
6040 16
6041 19
6042 19
6043 21
6044 20
6045 20
6046 19
6047 21
6048 21
6049 20
6050 16
6051 19
6052 19
6053 21
6054 20
6055 20
6056 19
6057 21
6058 21
6059 20
6060 16
6061 19
6062 19
6063 21
6064 20
6065 20
6066 19
6067 21
6068 21
6069 20
6070 18
6071 21
6072 21
6073 23
6074 22
6075 22
6076 21
6077 23
6078 23
6079 22
6080 17
6081 20
6082 20
6083 22
6084 21
6085 21
6086 20
6087 22
6088 22
6089 21
6090 17
6091 20
6092 20
6093 22
6094 21
6095 21
6096 20
6097 22
6098 22
6099 21
6100 21
6101 24
6102 24
6103 26
6104 25
6105 25
6106 24
6107 26
6108 26
6109 25
6110 24
6111 27
6112 27
6113 29
6114 29
6115 28
6116 28
6117 30
6118 29
6119 29
6120 27
6121 30
6122 30
6123 32
6124 31
6125 31
6126 30
6127 32
6128 32
6129 31
6130 27
6131 30
6132 30
6133 32
6134 31
6135 31
6136 30
6137 32
6138 32
6139 31
6140 26
6141 29
6142 29
6143 31
6144 30
6145 30
6146 29
6147 31
6148 31
6149 30
6150 26
6151 29
6152 29
6153 31
6154 30
6155 30
6156 29
6157 31
6158 31
6159 30
6160 26
6161 29
6162 29
6163 31
6164 30
6165 30
6166 29
6167 31
6168 31
6169 30
6170 28
6171 31
6172 31
6173 33
6174 32
6175 32
6176 31
6177 33
6178 33
6179 32
6180 27
6181 30
6182 30
6183 32
6184 31
6185 31
6186 30
6187 32
6188 32
6189 31
6190 27
6191 30
6192 30
6193 32
6194 31
6195 31
6196 30
6197 32
6198 32
6199 31
6200 21
6201 24
6202 24
6203 26
6204 25
6205 25
6206 24
6207 26
6208 26
6209 25
6210 24
6211 27
6212 27
6213 29
6214 29
6215 28
6216 28
6217 30
6218 29
6219 29
6220 27
6221 30
6222 30
6223 32
6224 31
6225 31
6226 30
6227 32
6228 32
6229 31
6230 27
6231 30
6232 30
6233 32
6234 31
6235 31
6236 30
6237 32
6238 32
6239 31
6240 26
6241 29
6242 29
6243 31
6244 30
6245 30
6246 29
6247 31
6248 31
6249 30
6250 26
6251 29
6252 29
6253 31
6254 30
6255 30
6256 29
6257 31
6258 31
6259 30
6260 26
6261 29
6262 29
6263 31
6264 30
6265 30
6266 29
6267 31
6268 31
6269 30
6270 28
6271 31
6272 31
6273 33
6274 32
6275 32
6276 31
6277 33
6278 33
6279 32
6280 27
6281 30
6282 30
6283 32
6284 31
6285 31
6286 30
6287 32
6288 32
6289 31
6290 27
6291 30
6292 30
6293 32
6294 31
6295 31
6296 30
6297 32
6298 32
6299 31
6300 23
6301 26
6302 26
6303 28
6304 27
6305 27
6306 26
6307 28
6308 28
6309 27
6310 26
6311 29
6312 29
6313 31
6314 31
6315 30
6316 30
6317 32
6318 31
6319 31
6320 29
6321 32
6322 32
6323 34
6324 33
6325 33
6326 32
6327 34
6328 34
6329 33
6330 29
6331 32
6332 32
6333 34
6334 33
6335 33
6336 32
6337 34
6338 34
6339 33
6340 28
6341 31
6342 31
6343 33
6344 32
6345 32
6346 31
6347 33
6348 33
6349 32
6350 28
6351 31
6352 31
6353 33
6354 32
6355 32
6356 31
6357 33
6358 33
6359 32
6360 28
6361 31
6362 31
6363 33
6364 32
6365 32
6366 31
6367 33
6368 33
6369 32
6370 30
6371 33
6372 33
6373 35
6374 34
6375 34
6376 33
6377 35
6378 35
6379 34
6380 29
6381 32
6382 32
6383 34
6384 33
6385 33
6386 32
6387 34
6388 34
6389 33
6390 29
6391 32
6392 32
6393 34
6394 33
6395 33
6396 32
6397 34
6398 34
6399 33
6400 22
6401 25
6402 25
6403 27
6404 26
6405 26
6406 25
6407 27
6408 27
6409 26
6410 25
6411 28
6412 28
6413 30
6414 30
6415 29
6416 29
6417 31
6418 30
6419 30
6420 28
6421 31
6422 31
6423 33
6424 32
6425 32
6426 31
6427 33
6428 33
6429 32
6430 28
6431 31
6432 31
6433 33
6434 32
6435 32
6436 31
6437 33
6438 33
6439 32
6440 27
6441 30
6442 30
6443 32
6444 31
6445 31
6446 30
6447 32
6448 32
6449 31
6450 27
6451 30
6452 30
6453 32
6454 31
6455 31
6456 30
6457 32
6458 32
6459 31
6460 27
6461 30
6462 30
6463 32
6464 31
6465 31
6466 30
6467 32
6468 32
6469 31
6470 29
6471 32
6472 32
6473 34
6474 33
6475 33
6476 32
6477 34
6478 34
6479 33
6480 28
6481 31
6482 31
6483 33
6484 32
6485 32
6486 31
6487 33
6488 33
6489 32
6490 28
6491 31
6492 31
6493 33
6494 32
6495 32
6496 31
6497 33
6498 33
6499 32
6500 22
6501 25
6502 25
6503 27
6504 26
6505 26
6506 25
6507 27
6508 27
6509 26
6510 25
6511 28
6512 28
6513 30
6514 30
6515 29
6516 29
6517 31
6518 30
6519 30
6520 28
6521 31
6522 31
6523 33
6524 32
6525 32
6526 31
6527 33
6528 33
6529 32
6530 28
6531 31
6532 31
6533 33
6534 32
6535 32
6536 31
6537 33
6538 33
6539 32
6540 27
6541 30
6542 30
6543 32
6544 31
6545 31
6546 30
6547 32
6548 32
6549 31
6550 27
6551 30
6552 30
6553 32
6554 31
6555 31
6556 30
6557 32
6558 32
6559 31
6560 27
6561 30
6562 30
6563 32
6564 31
6565 31
6566 30
6567 32
6568 32
6569 31
6570 29
6571 32
6572 32
6573 34
6574 33
6575 33
6576 32
6577 34
6578 34
6579 33
6580 28
6581 31
6582 31
6583 33
6584 32
6585 32
6586 31
6587 33
6588 33
6589 32
6590 28
6591 31
6592 31
6593 33
6594 32
6595 32
6596 31
6597 33
6598 33
6599 32
6600 21
6601 24
6602 24
6603 26
6604 25
6605 25
6606 24
6607 26
6608 26
6609 25
6610 24
6611 27
6612 27
6613 29
6614 29
6615 28
6616 28
6617 30
6618 29
6619 29
6620 27
6621 30
6622 30
6623 32
6624 31
6625 31
6626 30
6627 32
6628 32
6629 31
6630 27
6631 30
6632 30
6633 32
6634 31
6635 31
6636 30
6637 32
6638 32
6639 31
6640 26
6641 29
6642 29
6643 31
6644 30
6645 30
6646 29
6647 31
6648 31
6649 30
6650 26
6651 29
6652 29
6653 31
6654 30
6655 30
6656 29
6657 31
6658 31
6659 30
6660 26
6661 29
6662 29
6663 31
6664 30
6665 30
6666 29
6667 31
6668 31
6669 30
6670 28
6671 31
6672 31
6673 33
6674 32
6675 32
6676 31
6677 33
6678 33
6679 32
6680 27
6681 30
6682 30
6683 32
6684 31
6685 31
6686 30
6687 32
6688 32
6689 31
6690 27
6691 30
6692 30
6693 32
6694 31
6695 31
6696 30
6697 32
6698 32
6699 31
6700 23
6701 26
6702 26
6703 28
6704 27
6705 27
6706 26
6707 28
6708 28
6709 27
6710 26
6711 29
6712 29
6713 31
6714 31
6715 30
6716 30
6717 32
6718 31
6719 31
6720 29
6721 32
6722 32
6723 34
6724 33
6725 33
6726 32
6727 34
6728 34
6729 33
6730 29
6731 32
6732 32
6733 34
6734 33
6735 33
6736 32
6737 34
6738 34
6739 33
6740 28
6741 31
6742 31
6743 33
6744 32
6745 32
6746 31
6747 33
6748 33
6749 32
6750 28
6751 31
6752 31
6753 33
6754 32
6755 32
6756 31
6757 33
6758 33
6759 32
6760 28
6761 31
6762 31
6763 33
6764 32
6765 32
6766 31
6767 33
6768 33
6769 32
6770 30
6771 33
6772 33
6773 35
6774 34
6775 34
6776 33
6777 35
6778 35
6779 34
6780 29
6781 32
6782 32
6783 34
6784 33
6785 33
6786 32
6787 34
6788 34
6789 33
6790 29
6791 32
6792 32
6793 34
6794 33
6795 33
6796 32
6797 34
6798 34
6799 33
6800 23
6801 26
6802 26
6803 28
6804 27
6805 27
6806 26
6807 28
6808 28
6809 27
6810 26
6811 29
6812 29
6813 31
6814 31
6815 30
6816 30
6817 32
6818 31
6819 31
6820 29
6821 32
6822 32
6823 34
6824 33
6825 33
6826 32
6827 34
6828 34
6829 33
6830 29
6831 32
6832 32
6833 34
6834 33
6835 33
6836 32
6837 34
6838 34
6839 33
6840 28
6841 31
6842 31
6843 33
6844 32
6845 32
6846 31
6847 33
6848 33
6849 32
6850 28
6851 31
6852 31
6853 33
6854 32
6855 32
6856 31
6857 33
6858 33
6859 32
6860 28
6861 31
6862 31
6863 33
6864 32
6865 32
6866 31
6867 33
6868 33
6869 32
6870 30
6871 33
6872 33
6873 35
6874 34
6875 34
6876 33
6877 35
6878 35
6879 34
6880 29
6881 32
6882 32
6883 34
6884 33
6885 33
6886 32
6887 34
6888 34
6889 33
6890 29
6891 32
6892 32
6893 34
6894 33
6895 33
6896 32
6897 34
6898 34
6899 33
6900 22
6901 25
6902 25
6903 27
6904 26
6905 26
6906 25
6907 27
6908 27
6909 26
6910 25
6911 28
6912 28
6913 30
6914 30
6915 29
6916 29
6917 31
6918 30
6919 30
6920 28
6921 31
6922 31
6923 33
6924 32
6925 32
6926 31
6927 33
6928 33
6929 32
6930 28
6931 31
6932 31
6933 33
6934 32
6935 32
6936 31
6937 33
6938 33
6939 32
6940 27
6941 30
6942 30
6943 32
6944 31
6945 31
6946 30
6947 32
6948 32
6949 31
6950 27
6951 30
6952 30
6953 32
6954 31
6955 31
6956 30
6957 32
6958 32
6959 31
6960 27
6961 30
6962 30
6963 32
6964 31
6965 31
6966 30
6967 32
6968 32
6969 31
6970 29
6971 32
6972 32
6973 34
6974 33
6975 33
6976 32
6977 34
6978 34
6979 33
6980 28
6981 31
6982 31
6983 33
6984 32
6985 32
6986 31
6987 33
6988 33
6989 32
6990 28
6991 31
6992 31
6993 33
6994 32
6995 32
6996 31
6997 33
6998 33
6999 32
7000 13
7001 16
7002 16
7003 18
7004 17
7005 17
7006 16
7007 18
7008 18
7009 17
7010 16
7011 19
7012 19
7013 21
7014 21
7015 20
7016 20
7017 22
7018 21
7019 21
7020 19
7021 22
7022 22
7023 24
7024 23
7025 23
7026 22
7027 24
7028 24
7029 23
7030 19
7031 22
7032 22
7033 24
7034 23
7035 23
7036 22
7037 24
7038 24
7039 23
7040 18
7041 21
7042 21
7043 23
7044 22
7045 22
7046 21
7047 23
7048 23
7049 22
7050 18
7051 21
7052 21
7053 23
7054 22
7055 22
7056 21
7057 23
7058 23
7059 22
7060 18
7061 21
7062 21
7063 23
7064 22
7065 22
7066 21
7067 23
7068 23
7069 22
7070 20
7071 23
7072 23
7073 25
7074 24
7075 24
7076 23
7077 25
7078 25
7079 24
7080 19
7081 22
7082 22
7083 24
7084 23
7085 23
7086 22
7087 24
7088 24
7089 23
7090 19
7091 22
7092 22
7093 24
7094 23
7095 23
7096 22
7097 24
7098 24
7099 23
7100 23
7101 26
7102 26
7103 28
7104 27
7105 27
7106 26
7107 28
7108 28
7109 27
7110 26
7111 29
7112 29
7113 31
7114 31
7115 30
7116 30
7117 32
7118 31
7119 31
7120 29
7121 32
7122 32
7123 34
7124 33
7125 33
7126 32
7127 34
7128 34
7129 33
7130 29
7131 32
7132 32
7133 34
7134 33
7135 33
7136 32
7137 34
7138 34
7139 33
7140 28
7141 31
7142 31
7143 33
7144 32
7145 32
7146 31
7147 33
7148 33
7149 32
7150 28
7151 31
7152 31
7153 33
7154 32
7155 32
7156 31
7157 33
7158 33
7159 32
7160 28
7161 31
7162 31
7163 33
7164 32
7165 32
7166 31
7167 33
7168 33
7169 32
7170 30
7171 33
7172 33
7173 35
7174 34
7175 34
7176 33
7177 35
7178 35
7179 34
7180 29
7181 32
7182 32
7183 34
7184 33
7185 33
7186 32
7187 34
7188 34
7189 33
7190 29
7191 32
7192 32
7193 34
7194 33
7195 33
7196 32
7197 34
7198 34
7199 33
7200 23
7201 26
7202 26
7203 28
7204 27
7205 27
7206 26
7207 28
7208 28
7209 27
7210 26
7211 29
7212 29
7213 31
7214 31
7215 30
7216 30
7217 32
7218 31
7219 31
7220 29
7221 32
7222 32
7223 34
7224 33
7225 33
7226 32
7227 34
7228 34
7229 33
7230 29
7231 32
7232 32
7233 34
7234 33
7235 33
7236 32
7237 34
7238 34
7239 33
7240 28
7241 31
7242 31
7243 33
7244 32
7245 32
7246 31
7247 33
7248 33
7249 32
7250 28
7251 31
7252 31
7253 33
7254 32
7255 32
7256 31
7257 33
7258 33
7259 32
7260 28
7261 31
7262 31
7263 33
7264 32
7265 32
7266 31
7267 33
7268 33
7269 32
7270 30
7271 33
7272 33
7273 35
7274 34
7275 34
7276 33
7277 35
7278 35
7279 34
7280 29
7281 32
7282 32
7283 34
7284 33
7285 33
7286 32
7287 34
7288 34
7289 33
7290 29
7291 32
7292 32
7293 34
7294 33
7295 33
7296 32
7297 34
7298 34
7299 33
7300 25
7301 28
7302 28
7303 30
7304 29
7305 29
7306 28
7307 30
7308 30
7309 29
7310 28
7311 31
7312 31
7313 33
7314 33
7315 32
7316 32
7317 34
7318 33
7319 33
7320 31
7321 34
7322 34
7323 36
7324 35
7325 35
7326 34
7327 36
7328 36
7329 35
7330 31
7331 34
7332 34
7333 36
7334 35
7335 35
7336 34
7337 36
7338 36
7339 35
7340 30
7341 33
7342 33
7343 35
7344 34
7345 34
7346 33
7347 35
7348 35
7349 34
7350 30
7351 33
7352 33
7353 35
7354 34
7355 34
7356 33
7357 35
7358 35
7359 34
7360 30
7361 33
7362 33
7363 35
7364 34
7365 34
7366 33
7367 35
7368 35
7369 34
7370 32
7371 35
7372 35
7373 37
7374 36
7375 36
7376 35
7377 37
7378 37
7379 36
7380 31
7381 34
7382 34
7383 36
7384 35
7385 35
7386 34
7387 36
7388 36
7389 35
7390 31
7391 34
7392 34
7393 36
7394 35
7395 35
7396 34
7397 36
7398 36
7399 35
7400 24
7401 27
7402 27
7403 29
7404 28
7405 28
7406 27
7407 29
7408 29
7409 28
7410 27
7411 30
7412 30
7413 32
7414 32
7415 31
7416 31
7417 33
7418 32
7419 32
7420 30
7421 33
7422 33
7423 35
7424 34
7425 34
7426 33
7427 35
7428 35
7429 34
7430 30
7431 33
7432 33
7433 35
7434 34
7435 34
7436 33
7437 35
7438 35
7439 34
7440 29
7441 32
7442 32
7443 34
7444 33
7445 33
7446 32
7447 34
7448 34
7449 33
7450 29
7451 32
7452 32
7453 34
7454 33
7455 33
7456 32
7457 34
7458 34
7459 33
7460 29
7461 32
7462 32
7463 34
7464 33
7465 33
7466 32
7467 34
7468 34
7469 33
7470 31
7471 34
7472 34
7473 36
7474 35
7475 35
7476 34
7477 36
7478 36
7479 35
7480 30
7481 33
7482 33
7483 35
7484 34
7485 34
7486 33
7487 35
7488 35
7489 34
7490 30
7491 33
7492 33
7493 35
7494 34
7495 34
7496 33
7497 35
7498 35
7499 34
7500 24
7501 27
7502 27
7503 29
7504 28
7505 28
7506 27
7507 29
7508 29
7509 28
7510 27
7511 30
7512 30
7513 32
7514 32
7515 31
7516 31
7517 33
7518 32
7519 32
7520 30
7521 33
7522 33
7523 35
7524 34
7525 34
7526 33
7527 35
7528 35
7529 34
7530 30
7531 33
7532 33
7533 35
7534 34
7535 34
7536 33
7537 35
7538 35
7539 34
7540 29
7541 32
7542 32
7543 34
7544 33
7545 33
7546 32
7547 34
7548 34
7549 33
7550 29
7551 32
7552 32
7553 34
7554 33
7555 33
7556 32
7557 34
7558 34
7559 33
7560 29
7561 32
7562 32
7563 34
7564 33
7565 33
7566 32
7567 34
7568 34
7569 33
7570 31
7571 34
7572 34
7573 36
7574 35
7575 35
7576 34
7577 36
7578 36
7579 35
7580 30
7581 33
7582 33
7583 35
7584 34
7585 34
7586 33
7587 35
7588 35
7589 34
7590 30
7591 33
7592 33
7593 35
7594 34
7595 34
7596 33
7597 35
7598 35
7599 34
7600 23
7601 26
7602 26
7603 28
7604 27
7605 27
7606 26
7607 28
7608 28
7609 27
7610 26
7611 29
7612 29
7613 31
7614 31
7615 30
7616 30
7617 32
7618 31
7619 31
7620 29
7621 32
7622 32
7623 34
7624 33
7625 33
7626 32
7627 34
7628 34
7629 33
7630 29
7631 32
7632 32
7633 34
7634 33
7635 33
7636 32
7637 34
7638 34
7639 33
7640 28
7641 31
7642 31
7643 33
7644 32
7645 32
7646 31
7647 33
7648 33
7649 32
7650 28
7651 31
7652 31
7653 33
7654 32
7655 32
7656 31
7657 33
7658 33
7659 32
7660 28
7661 31
7662 31
7663 33
7664 32
7665 32
7666 31
7667 33
7668 33
7669 32
7670 30
7671 33
7672 33
7673 35
7674 34
7675 34
7676 33
7677 35
7678 35
7679 34
7680 29
7681 32
7682 32
7683 34
7684 33
7685 33
7686 32
7687 34
7688 34
7689 33
7690 29
7691 32
7692 32
7693 34
7694 33
7695 33
7696 32
7697 34
7698 34
7699 33
7700 25
7701 28
7702 28
7703 30
7704 29
7705 29
7706 28
7707 30
7708 30
7709 29
7710 28
7711 31
7712 31
7713 33
7714 33
7715 32
7716 32
7717 34
7718 33
7719 33
7720 31
7721 34
7722 34
7723 36
7724 35
7725 35
7726 34
7727 36
7728 36
7729 35
7730 31
7731 34
7732 34
7733 36
7734 35
7735 35
7736 34
7737 36
7738 36
7739 35
7740 30
7741 33
7742 33
7743 35
7744 34
7745 34
7746 33
7747 35
7748 35
7749 34
7750 30
7751 33
7752 33
7753 35
7754 34
7755 34
7756 33
7757 35
7758 35
7759 34
7760 30
7761 33
7762 33
7763 35
7764 34
7765 34
7766 33
7767 35
7768 35
7769 34
7770 32
7771 35
7772 35
7773 37
7774 36
7775 36
7776 35
7777 37
7778 37
7779 36
7780 31
7781 34
7782 34
7783 36
7784 35
7785 35
7786 34
7787 36
7788 36
7789 35
7790 31
7791 34
7792 34
7793 36
7794 35
7795 35
7796 34
7797 36
7798 36
7799 35
7800 25
7801 28
7802 28
7803 30
7804 29
7805 29
7806 28
7807 30
7808 30
7809 29
7810 28
7811 31
7812 31
7813 33
7814 33
7815 32
7816 32
7817 34
7818 33
7819 33
7820 31
7821 34
7822 34
7823 36
7824 35
7825 35
7826 34
7827 36
7828 36
7829 35
7830 31
7831 34
7832 34
7833 36
7834 35
7835 35
7836 34
7837 36
7838 36
7839 35
7840 30
7841 33
7842 33
7843 35
7844 34
7845 34
7846 33
7847 35
7848 35
7849 34
7850 30
7851 33
7852 33
7853 35
7854 34
7855 34
7856 33
7857 35
7858 35
7859 34
7860 30
7861 33
7862 33
7863 35
7864 34
7865 34
7866 33
7867 35
7868 35
7869 34
7870 32
7871 35
7872 35
7873 37
7874 36
7875 36
7876 35
7877 37
7878 37
7879 36
7880 31
7881 34
7882 34
7883 36
7884 35
7885 35
7886 34
7887 36
7888 36
7889 35
7890 31
7891 34
7892 34
7893 36
7894 35
7895 35
7896 34
7897 36
7898 36
7899 35
7900 24
7901 27
7902 27
7903 29
7904 28
7905 28
7906 27
7907 29
7908 29
7909 28
7910 27
7911 30
7912 30
7913 32
7914 32
7915 31
7916 31
7917 33
7918 32
7919 32
7920 30
7921 33
7922 33
7923 35
7924 34
7925 34
7926 33
7927 35
7928 35
7929 34
7930 30
7931 33
7932 33
7933 35
7934 34
7935 34
7936 33
7937 35
7938 35
7939 34
7940 29
7941 32
7942 32
7943 34
7944 33
7945 33
7946 32
7947 34
7948 34
7949 33
7950 29
7951 32
7952 32
7953 34
7954 33
7955 33
7956 32
7957 34
7958 34
7959 33
7960 29
7961 32
7962 32
7963 34
7964 33
7965 33
7966 32
7967 34
7968 34
7969 33
7970 31
7971 34
7972 34
7973 36
7974 35
7975 35
7976 34
7977 36
7978 36
7979 35
7980 30
7981 33
7982 33
7983 35
7984 34
7985 34
7986 33
7987 35
7988 35
7989 34
7990 30
7991 33
7992 33
7993 35
7994 34
7995 34
7996 33
7997 35
7998 35
7999 34
8000 13
8001 16
8002 16
8003 18
8004 17
8005 17
8006 16
8007 18
8008 18
8009 17
8010 16
8011 19
8012 19
8013 21
8014 21
8015 20
8016 20
8017 22
8018 21
8019 21
8020 19
8021 22
8022 22
8023 24
8024 23
8025 23
8026 22
8027 24
8028 24
8029 23
8030 19
8031 22
8032 22
8033 24
8034 23
8035 23
8036 22
8037 24
8038 24
8039 23
8040 18
8041 21
8042 21
8043 23
8044 22
8045 22
8046 21
8047 23
8048 23
8049 22
8050 18
8051 21
8052 21
8053 23
8054 22
8055 22
8056 21
8057 23
8058 23
8059 22
8060 18
8061 21
8062 21
8063 23
8064 22
8065 22
8066 21
8067 23
8068 23
8069 22
8070 20
8071 23
8072 23
8073 25
8074 24
8075 24
8076 23
8077 25
8078 25
8079 24
8080 19
8081 22
8082 22
8083 24
8084 23
8085 23
8086 22
8087 24
8088 24
8089 23
8090 19
8091 22
8092 22
8093 24
8094 23
8095 23
8096 22
8097 24
8098 24
8099 23
8100 23
8101 26
8102 26
8103 28
8104 27
8105 27
8106 26
8107 28
8108 28
8109 27
8110 26
8111 29
8112 29
8113 31
8114 31
8115 30
8116 30
8117 32
8118 31
8119 31
8120 29
8121 32
8122 32
8123 34
8124 33
8125 33
8126 32
8127 34
8128 34
8129 33
8130 29
8131 32
8132 32
8133 34
8134 33
8135 33
8136 32
8137 34
8138 34
8139 33
8140 28
8141 31
8142 31
8143 33
8144 32
8145 32
8146 31
8147 33
8148 33
8149 32
8150 28
8151 31
8152 31
8153 33
8154 32
8155 32
8156 31
8157 33
8158 33
8159 32
8160 28
8161 31
8162 31
8163 33
8164 32
8165 32
8166 31
8167 33
8168 33
8169 32
8170 30
8171 33
8172 33
8173 35
8174 34
8175 34
8176 33
8177 35
8178 35
8179 34
8180 29
8181 32
8182 32
8183 34
8184 33
8185 33
8186 32
8187 34
8188 34
8189 33
8190 29
8191 32
8192 32
8193 34
8194 33
8195 33
8196 32
8197 34
8198 34
8199 33
8200 23
8201 26
8202 26
8203 28
8204 27
8205 27
8206 26
8207 28
8208 28
8209 27
8210 26
8211 29
8212 29
8213 31
8214 31
8215 30
8216 30
8217 32
8218 31
8219 31
8220 29
8221 32
8222 32
8223 34
8224 33
8225 33
8226 32
8227 34
8228 34
8229 33
8230 29
8231 32
8232 32
8233 34
8234 33
8235 33
8236 32
8237 34
8238 34
8239 33
8240 28
8241 31
8242 31
8243 33
8244 32
8245 32
8246 31
8247 33
8248 33
8249 32
8250 28
8251 31
8252 31
8253 33
8254 32
8255 32
8256 31
8257 33
8258 33
8259 32
8260 28
8261 31
8262 31
8263 33
8264 32
8265 32
8266 31
8267 33
8268 33
8269 32
8270 30
8271 33
8272 33
8273 35
8274 34
8275 34
8276 33
8277 35
8278 35
8279 34
8280 29
8281 32
8282 32
8283 34
8284 33
8285 33
8286 32
8287 34
8288 34
8289 33
8290 29
8291 32
8292 32
8293 34
8294 33
8295 33
8296 32
8297 34
8298 34
8299 33
8300 25
8301 28
8302 28
8303 30
8304 29
8305 29
8306 28
8307 30
8308 30
8309 29
8310 28
8311 31
8312 31
8313 33
8314 33
8315 32
8316 32
8317 34
8318 33
8319 33
8320 31
8321 34
8322 34
8323 36
8324 35
8325 35
8326 34
8327 36
8328 36
8329 35
8330 31
8331 34
8332 34
8333 36
8334 35
8335 35
8336 34
8337 36
8338 36
8339 35
8340 30
8341 33
8342 33
8343 35
8344 34
8345 34
8346 33
8347 35
8348 35
8349 34
8350 30
8351 33
8352 33
8353 35
8354 34
8355 34
8356 33
8357 35
8358 35
8359 34
8360 30
8361 33
8362 33
8363 35
8364 34
8365 34
8366 33
8367 35
8368 35
8369 34
8370 32
8371 35
8372 35
8373 37
8374 36
8375 36
8376 35
8377 37
8378 37
8379 36
8380 31
8381 34
8382 34
8383 36
8384 35
8385 35
8386 34
8387 36
8388 36
8389 35
8390 31
8391 34
8392 34
8393 36
8394 35
8395 35
8396 34
8397 36
8398 36
8399 35
8400 24
8401 27
8402 27
8403 29
8404 28
8405 28
8406 27
8407 29
8408 29
8409 28
8410 27
8411 30
8412 30
8413 32
8414 32
8415 31
8416 31
8417 33
8418 32
8419 32
8420 30
8421 33
8422 33
8423 35
8424 34
8425 34
8426 33
8427 35
8428 35
8429 34
8430 30
8431 33
8432 33
8433 35
8434 34
8435 34
8436 33
8437 35
8438 35
8439 34
8440 29
8441 32
8442 32
8443 34
8444 33
8445 33
8446 32
8447 34
8448 34
8449 33
8450 29
8451 32
8452 32
8453 34
8454 33
8455 33
8456 32
8457 34
8458 34
8459 33
8460 29
8461 32
8462 32
8463 34
8464 33
8465 33
8466 32
8467 34
8468 34
8469 33
8470 31
8471 34
8472 34
8473 36
8474 35
8475 35
8476 34
8477 36
8478 36
8479 35
8480 30
8481 33
8482 33
8483 35
8484 34
8485 34
8486 33
8487 35
8488 35
8489 34
8490 30
8491 33
8492 33
8493 35
8494 34
8495 34
8496 33
8497 35
8498 35
8499 34
8500 24
8501 27
8502 27
8503 29
8504 28
8505 28
8506 27
8507 29
8508 29
8509 28
8510 27
8511 30
8512 30
8513 32
8514 32
8515 31
8516 31
8517 33
8518 32
8519 32
8520 30
8521 33
8522 33
8523 35
8524 34
8525 34
8526 33
8527 35
8528 35
8529 34
8530 30
8531 33
8532 33
8533 35
8534 34
8535 34
8536 33
8537 35
8538 35
8539 34
8540 29
8541 32
8542 32
8543 34
8544 33
8545 33
8546 32
8547 34
8548 34
8549 33
8550 29
8551 32
8552 32
8553 34
8554 33
8555 33
8556 32
8557 34
8558 34
8559 33
8560 29
8561 32
8562 32
8563 34
8564 33
8565 33
8566 32
8567 34
8568 34
8569 33
8570 31
8571 34
8572 34
8573 36
8574 35
8575 35
8576 34
8577 36
8578 36
8579 35
8580 30
8581 33
8582 33
8583 35
8584 34
8585 34
8586 33
8587 35
8588 35
8589 34
8590 30
8591 33
8592 33
8593 35
8594 34
8595 34
8596 33
8597 35
8598 35
8599 34
8600 23
8601 26
8602 26
8603 28
8604 27
8605 27
8606 26
8607 28
8608 28
8609 27
8610 26
8611 29
8612 29
8613 31
8614 31
8615 30
8616 30
8617 32
8618 31
8619 31
8620 29
8621 32
8622 32
8623 34
8624 33
8625 33
8626 32
8627 34
8628 34
8629 33
8630 29
8631 32
8632 32
8633 34
8634 33
8635 33
8636 32
8637 34
8638 34
8639 33
8640 28
8641 31
8642 31
8643 33
8644 32
8645 32
8646 31
8647 33
8648 33
8649 32
8650 28
8651 31
8652 31
8653 33
8654 32
8655 32
8656 31
8657 33
8658 33
8659 32
8660 28
8661 31
8662 31
8663 33
8664 32
8665 32
8666 31
8667 33
8668 33
8669 32
8670 30
8671 33
8672 33
8673 35
8674 34
8675 34
8676 33
8677 35
8678 35
8679 34
8680 29
8681 32
8682 32
8683 34
8684 33
8685 33
8686 32
8687 34
8688 34
8689 33
8690 29
8691 32
8692 32
8693 34
8694 33
8695 33
8696 32
8697 34
8698 34
8699 33
8700 25
8701 28
8702 28
8703 30
8704 29
8705 29
8706 28
8707 30
8708 30
8709 29
8710 28
8711 31
8712 31
8713 33
8714 33
8715 32
8716 32
8717 34
8718 33
8719 33
8720 31
8721 34
8722 34
8723 36
8724 35
8725 35
8726 34
8727 36
8728 36
8729 35
8730 31
8731 34
8732 34
8733 36
8734 35
8735 35
8736 34
8737 36
8738 36
8739 35
8740 30
8741 33
8742 33
8743 35
8744 34
8745 34
8746 33
8747 35
8748 35
8749 34
8750 30
8751 33
8752 33
8753 35
8754 34
8755 34
8756 33
8757 35
8758 35
8759 34
8760 30
8761 33
8762 33
8763 35
8764 34
8765 34
8766 33
8767 35
8768 35
8769 34
8770 32
8771 35
8772 35
8773 37
8774 36
8775 36
8776 35
8777 37
8778 37
8779 36
8780 31
8781 34
8782 34
8783 36
8784 35
8785 35
8786 34
8787 36
8788 36
8789 35
8790 31
8791 34
8792 34
8793 36
8794 35
8795 35
8796 34
8797 36
8798 36
8799 35
8800 25
8801 28
8802 28
8803 30
8804 29
8805 29
8806 28
8807 30
8808 30
8809 29
8810 28
8811 31
8812 31
8813 33
8814 33
8815 32
8816 32
8817 34
8818 33
8819 33
8820 31
8821 34
8822 34
8823 36
8824 35
8825 35
8826 34
8827 36
8828 36
8829 35
8830 31
8831 34
8832 34
8833 36
8834 35
8835 35
8836 34
8837 36
8838 36
8839 35
8840 30
8841 33
8842 33
8843 35
8844 34
8845 34
8846 33
8847 35
8848 35
8849 34
8850 30
8851 33
8852 33
8853 35
8854 34
8855 34
8856 33
8857 35
8858 35
8859 34
8860 30
8861 33
8862 33
8863 35
8864 34
8865 34
8866 33
8867 35
8868 35
8869 34
8870 32
8871 35
8872 35
8873 37
8874 36
8875 36
8876 35
8877 37
8878 37
8879 36
8880 31
8881 34
8882 34
8883 36
8884 35
8885 35
8886 34
8887 36
8888 36
8889 35
8890 31
8891 34
8892 34
8893 36
8894 35
8895 35
8896 34
8897 36
8898 36
8899 35
8900 24
8901 27
8902 27
8903 29
8904 28
8905 28
8906 27
8907 29
8908 29
8909 28
8910 27
8911 30
8912 30
8913 32
8914 32
8915 31
8916 31
8917 33
8918 32
8919 32
8920 30
8921 33
8922 33
8923 35
8924 34
8925 34
8926 33
8927 35
8928 35
8929 34
8930 30
8931 33
8932 33
8933 35
8934 34
8935 34
8936 33
8937 35
8938 35
8939 34
8940 29
8941 32
8942 32
8943 34
8944 33
8945 33
8946 32
8947 34
8948 34
8949 33
8950 29
8951 32
8952 32
8953 34
8954 33
8955 33
8956 32
8957 34
8958 34
8959 33
8960 29
8961 32
8962 32
8963 34
8964 33
8965 33
8966 32
8967 34
8968 34
8969 33
8970 31
8971 34
8972 34
8973 36
8974 35
8975 35
8976 34
8977 36
8978 36
8979 35
8980 30
8981 33
8982 33
8983 35
8984 34
8985 34
8986 33
8987 35
8988 35
8989 34
8990 30
8991 33
8992 33
8993 35
8994 34
8995 34
8996 33
8997 35
8998 35
8999 34
9000 12
9001 15
9002 15
9003 17
9004 16
9005 16
9006 15
9007 17
9008 17
9009 16
9010 15
9011 18
9012 18
9013 20
9014 20
9015 19
9016 19
9017 21
9018 20
9019 20
9020 18
9021 21
9022 21
9023 23
9024 22
9025 22
9026 21
9027 23
9028 23
9029 22
9030 18
9031 21
9032 21
9033 23
9034 22
9035 22
9036 21
9037 23
9038 23
9039 22
9040 17
9041 20
9042 20
9043 22
9044 21
9045 21
9046 20
9047 22
9048 22
9049 21
9050 17
9051 20
9052 20
9053 22
9054 21
9055 21
9056 20
9057 22
9058 22
9059 21
9060 17
9061 20
9062 20
9063 22
9064 21
9065 21
9066 20
9067 22
9068 22
9069 21
9070 19
9071 22
9072 22
9073 24
9074 23
9075 23
9076 22
9077 24
9078 24
9079 23
9080 18
9081 21
9082 21
9083 23
9084 22
9085 22
9086 21
9087 23
9088 23
9089 22
9090 18
9091 21
9092 21
9093 23
9094 22
9095 22
9096 21
9097 23
9098 23
9099 22
9100 22
9101 25
9102 25
9103 27
9104 26
9105 26
9106 25
9107 27
9108 27
9109 26
9110 25
9111 28
9112 28
9113 30
9114 30
9115 29
9116 29
9117 31
9118 30
9119 30
9120 28
9121 31
9122 31
9123 33
9124 32
9125 32
9126 31
9127 33
9128 33
9129 32
9130 28
9131 31
9132 31
9133 33
9134 32
9135 32
9136 31
9137 33
9138 33
9139 32
9140 27
9141 30
9142 30
9143 32
9144 31
9145 31
9146 30
9147 32
9148 32
9149 31
9150 27
9151 30
9152 30
9153 32
9154 31
9155 31
9156 30
9157 32
9158 32
9159 31
9160 27
9161 30
9162 30
9163 32
9164 31
9165 31
9166 30
9167 32
9168 32
9169 31
9170 29
9171 32
9172 32
9173 34
9174 33
9175 33
9176 32
9177 34
9178 34
9179 33
9180 28
9181 31
9182 31
9183 33
9184 32
9185 32
9186 31
9187 33
9188 33
9189 32
9190 28
9191 31
9192 31
9193 33
9194 32
9195 32
9196 31
9197 33
9198 33
9199 32
9200 22
9201 25
9202 25
9203 27
9204 26
9205 26
9206 25
9207 27
9208 27
9209 26
9210 25
9211 28
9212 28
9213 30
9214 30
9215 29
9216 29
9217 31
9218 30
9219 30
9220 28
9221 31
9222 31
9223 33
9224 32
9225 32
9226 31
9227 33
9228 33
9229 32
9230 28
9231 31
9232 31
9233 33
9234 32
9235 32
9236 31
9237 33
9238 33
9239 32
9240 27
9241 30
9242 30
9243 32
9244 31
9245 31
9246 30
9247 32
9248 32
9249 31
9250 27
9251 30
9252 30
9253 32
9254 31
9255 31
9256 30
9257 32
9258 32
9259 31
9260 27
9261 30
9262 30
9263 32
9264 31
9265 31
9266 30
9267 32
9268 32
9269 31
9270 29
9271 32
9272 32
9273 34
9274 33
9275 33
9276 32
9277 34
9278 34
9279 33
9280 28
9281 31
9282 31
9283 33
9284 32
9285 32
9286 31
9287 33
9288 33
9289 32
9290 28
9291 31
9292 31
9293 33
9294 32
9295 32
9296 31
9297 33
9298 33
9299 32
9300 24
9301 27
9302 27
9303 29
9304 28
9305 28
9306 27
9307 29
9308 29
9309 28
9310 27
9311 30
9312 30
9313 32
9314 32
9315 31
9316 31
9317 33
9318 32
9319 32
9320 30
9321 33
9322 33
9323 35
9324 34
9325 34
9326 33
9327 35
9328 35
9329 34
9330 30
9331 33
9332 33
9333 35
9334 34
9335 34
9336 33
9337 35
9338 35
9339 34
9340 29
9341 32
9342 32
9343 34
9344 33
9345 33
9346 32
9347 34
9348 34
9349 33
9350 29
9351 32
9352 32
9353 34
9354 33
9355 33
9356 32
9357 34
9358 34
9359 33
9360 29
9361 32
9362 32
9363 34
9364 33
9365 33
9366 32
9367 34
9368 34
9369 33
9370 31
9371 34
9372 34
9373 36
9374 35
9375 35
9376 34
9377 36
9378 36
9379 35
9380 30
9381 33
9382 33
9383 35
9384 34
9385 34
9386 33
9387 35
9388 35
9389 34
9390 30
9391 33
9392 33
9393 35
9394 34
9395 34
9396 33
9397 35
9398 35
9399 34
9400 23
9401 26
9402 26
9403 28
9404 27
9405 27
9406 26
9407 28
9408 28
9409 27
9410 26
9411 29
9412 29
9413 31
9414 31
9415 30
9416 30
9417 32
9418 31
9419 31
9420 29
9421 32
9422 32
9423 34
9424 33
9425 33
9426 32
9427 34
9428 34
9429 33
9430 29
9431 32
9432 32
9433 34
9434 33
9435 33
9436 32
9437 34
9438 34
9439 33
9440 28
9441 31
9442 31
9443 33
9444 32
9445 32
9446 31
9447 33
9448 33
9449 32
9450 28
9451 31
9452 31
9453 33
9454 32
9455 32
9456 31
9457 33
9458 33
9459 32
9460 28
9461 31
9462 31
9463 33
9464 32
9465 32
9466 31
9467 33
9468 33
9469 32
9470 30
9471 33
9472 33
9473 35
9474 34
9475 34
9476 33
9477 35
9478 35
9479 34
9480 29
9481 32
9482 32
9483 34
9484 33
9485 33
9486 32
9487 34
9488 34
9489 33
9490 29
9491 32
9492 32
9493 34
9494 33
9495 33
9496 32
9497 34
9498 34
9499 33
9500 23
9501 26
9502 26
9503 28
9504 27
9505 27
9506 26
9507 28
9508 28
9509 27
9510 26
9511 29
9512 29
9513 31
9514 31
9515 30
9516 30
9517 32
9518 31
9519 31
9520 29
9521 32
9522 32
9523 34
9524 33
9525 33
9526 32
9527 34
9528 34
9529 33
9530 29
9531 32
9532 32
9533 34
9534 33
9535 33
9536 32
9537 34
9538 34
9539 33
9540 28
9541 31
9542 31
9543 33
9544 32
9545 32
9546 31
9547 33
9548 33
9549 32
9550 28
9551 31
9552 31
9553 33
9554 32
9555 32
9556 31
9557 33
9558 33
9559 32
9560 28
9561 31
9562 31
9563 33
9564 32
9565 32
9566 31
9567 33
9568 33
9569 32
9570 30
9571 33
9572 33
9573 35
9574 34
9575 34
9576 33
9577 35
9578 35
9579 34
9580 29
9581 32
9582 32
9583 34
9584 33
9585 33
9586 32
9587 34
9588 34
9589 33
9590 29
9591 32
9592 32
9593 34
9594 33
9595 33
9596 32
9597 34
9598 34
9599 33
9600 22
9601 25
9602 25
9603 27
9604 26
9605 26
9606 25
9607 27
9608 27
9609 26
9610 25
9611 28
9612 28
9613 30
9614 30
9615 29
9616 29
9617 31
9618 30
9619 30
9620 28
9621 31
9622 31
9623 33
9624 32
9625 32
9626 31
9627 33
9628 33
9629 32
9630 28
9631 31
9632 31
9633 33
9634 32
9635 32
9636 31
9637 33
9638 33
9639 32
9640 27
9641 30
9642 30
9643 32
9644 31
9645 31
9646 30
9647 32
9648 32
9649 31
9650 27
9651 30
9652 30
9653 32
9654 31
9655 31
9656 30
9657 32
9658 32
9659 31
9660 27
9661 30
9662 30
9663 32
9664 31
9665 31
9666 30
9667 32
9668 32
9669 31
9670 29
9671 32
9672 32
9673 34
9674 33
9675 33
9676 32
9677 34
9678 34
9679 33
9680 28
9681 31
9682 31
9683 33
9684 32
9685 32
9686 31
9687 33
9688 33
9689 32
9690 28
9691 31
9692 31
9693 33
9694 32
9695 32
9696 31
9697 33
9698 33
9699 32
9700 24
9701 27
9702 27
9703 29
9704 28
9705 28
9706 27
9707 29
9708 29
9709 28
9710 27
9711 30
9712 30
9713 32
9714 32
9715 31
9716 31
9717 33
9718 32
9719 32
9720 30
9721 33
9722 33
9723 35
9724 34
9725 34
9726 33
9727 35
9728 35
9729 34
9730 30
9731 33
9732 33
9733 35
9734 34
9735 34
9736 33
9737 35
9738 35
9739 34
9740 29
9741 32
9742 32
9743 34
9744 33
9745 33
9746 32
9747 34
9748 34
9749 33
9750 29
9751 32
9752 32
9753 34
9754 33
9755 33
9756 32
9757 34
9758 34
9759 33
9760 29
9761 32
9762 32
9763 34
9764 33
9765 33
9766 32
9767 34
9768 34
9769 33
9770 31
9771 34
9772 34
9773 36
9774 35
9775 35
9776 34
9777 36
9778 36
9779 35
9780 30
9781 33
9782 33
9783 35
9784 34
9785 34
9786 33
9787 35
9788 35
9789 34
9790 30
9791 33
9792 33
9793 35
9794 34
9795 34
9796 33
9797 35
9798 35
9799 34
9800 24
9801 27
9802 27
9803 29
9804 28
9805 28
9806 27
9807 29
9808 29
9809 28
9810 27
9811 30
9812 30
9813 32
9814 32
9815 31
9816 31
9817 33
9818 32
9819 32
9820 30
9821 33
9822 33
9823 35
9824 34
9825 34
9826 33
9827 35
9828 35
9829 34
9830 30
9831 33
9832 33
9833 35
9834 34
9835 34
9836 33
9837 35
9838 35
9839 34
9840 29
9841 32
9842 32
9843 34
9844 33
9845 33
9846 32
9847 34
9848 34
9849 33
9850 29
9851 32
9852 32
9853 34
9854 33
9855 33
9856 32
9857 34
9858 34
9859 33
9860 29
9861 32
9862 32
9863 34
9864 33
9865 33
9866 32
9867 34
9868 34
9869 33
9870 31
9871 34
9872 34
9873 36
9874 35
9875 35
9876 34
9877 36
9878 36
9879 35
9880 30
9881 33
9882 33
9883 35
9884 34
9885 34
9886 33
9887 35
9888 35
9889 34
9890 30
9891 33
9892 33
9893 35
9894 34
9895 34
9896 33
9897 35
9898 35
9899 34
9900 23
9901 26
9902 26
9903 28
9904 27
9905 27
9906 26
9907 28
9908 28
9909 27
9910 26
9911 29
9912 29
9913 31
9914 31
9915 30
9916 30
9917 32
9918 31
9919 31
9920 29
9921 32
9922 32
9923 34
9924 33
9925 33
9926 32
9927 34
9928 34
9929 33
9930 29
9931 32
9932 32
9933 34
9934 33
9935 33
9936 32
9937 34
9938 34
9939 33
9940 28
9941 31
9942 31
9943 33
9944 32
9945 32
9946 31
9947 33
9948 33
9949 32
9950 28
9951 31
9952 31
9953 33
9954 32
9955 32
9956 31
9957 33
9958 33
9959 32
9960 28
9961 31
9962 31
9963 33
9964 32
9965 32
9966 31
9967 33
9968 33
9969 32
9970 30
9971 33
9972 33
9973 35
9974 34
9975 34
9976 33
9977 35
9978 35
9979 34
9980 29
9981 32
9982 32
9983 34
9984 33
9985 33
9986 32
9987 34
9988 34
9989 33
9990 29
9991 32
9992 32
9993 34
9994 33
9995 33
9996 32
9997 34
9998 34
9999 33
10000 11
